0
0
0
0
0
0
0
0
0
0
0
0
0
0
0
0
0
0
0
0
0
0
0
0
0
0
0
0
0
0
0
0
0
0
0
0
0
0
0
0
0
0
0
0
0
0
0
0
0
0
0
0
0
0
0
0
0
0
0
0
0
0
0
0
0
0
0
0
0
0
0
0
0
0
0
0
0
0
0
0
0
0
0
0
0
0
0
0
0
0
0
0
0
0
0
0
0
0
0
0
0
0
0
0
0
0
0
0
0
0
0
0
0
0
0
0
0
0
0
0
0
0
0
0
0
0
0
0
0
0
0
0
0
0
0
0
0
0
0
0
0
0
0
0
0
0
0
0
0
0
0
0
0
0
0
0
0
0
0
0
0
0
0
0
0
0
0
0
0
0
0
0
0
0
0
0
0
0
0
0
0
0
0
0
0
0
0
0
0
0
0
0
0
0
0
0
0
0
0
0
0
0
0
0
0
0
0
0
0
0
0
0
0
0
0
0
0
0
0
0
0
0
0
0
0
0
0
0
0
0
0
0
0
0
0
0
0
0
0
0
0
0
0
0
0
0
0
0
0
0
0
0
0
0
0
0
0
0
0
0
0
0
0
0
0
0
0
0
0
0
0
0
0
0
0
0
0
0
0
0
0
0
0
0
0
0
0
0
0
0
0
0
0
0
0
0
0
0
0
0
0
0
0
0
0
0
0
0
0
0
0
0
0
0
0
0
0
0
0
0
0
0
0
0
0
0
0
0
0
0
0
0
0
0
0
0
0
0
0
0
0
0
0
0
0
0
0
0
0
0
0
0
0
0
0
0
0
0
0
0
0
0
0
0
0
0
0
0
0
0
0
0
0
0
0
0
0
0
0
0
0
0
0
0
0
0
0
0
0
0
0
0
0
0
0
0
0
0
0
0
0
0
0
0
0
0
0
0
0
0
0
0
0
0
0
0
0
0
0
0
0
0
0
0
0
0
0
0
0
0
0
0
0
0
0
0
0
0
0
0
0
0
0
0
0
0
0
0
0
0
0
0
0
0
0
0
0
0
0
0
0
0
0
0
0
0
0
0
0
0
0
0
0
0
0
0
0
0
0
0
0
0
0
0
0
0
0
0
0
0
0
0
0
0
0
0
0
0
0
0
0
132
264
394
526
658
790
922
1052
1184
1316
1448
1580
1710
1842
1974
2106
2238
2368
2500
2632
2764
2894
3026
3158
3290
3422
3552
3684
3816
3948
4080
4210
4342
4474
4606
4738
4868
5000
5132
5264
5396
5526
5658
5790
5922
6054
6184
6316
6448
6580
6712
6842
6974
7106
7238
7370
7500
7632
7764
7896
8028
8158
8290
8422
8554
8684
8816
8948
9080
9212
9342
9474
9606
9738
9870
10000
10132
10264
10396
10528
10658
10790
10922
11054
11186
11316
11448
11580
11712
11844
11974
12106
12238
12370
12502
12632
12764
12896
13028
13160
13290
13422
13554
13686
13816
13948
14080
14212
14344
14474
14606
14738
14870
15002
15132
15264
15396
15528
15660
15790
15922
16054
16186
16318
16448
16580
16712
16844
16976
17106
17238
17370
17502
17634
17764
17896
18028
18160
18292
18422
18554
18686
18818
18950
19080
19212
19344
19476
19606
19738
19870
20002
20134
20264
20396
20528
20660
20792
20922
21054
21186
21318
21450
21580
21712
21844
21976
22108
22238
22370
22502
22634
22766
22896
23028
23160
23292
23424
23554
23686
23818
23950
24082
24212
24344
24476
24608
24738
24870
25002
25134
25266
25396
25528
25660
25792
25924
26054
26186
26318
26450
26582
26712
26844
26976
27108
27240
27370
27502
27634
27766
27898
28028
28160
28292
28424
28556
28686
28818
28950
29082
29214
29344
29476
29608
29740
29872
30002
30134
30266
30398
30528
30660
30792
30924
31056
31186
31318
31450
31582
31714
31844
31976
32108
32240
32372
32502
32634
32766
32766
32634
32502
32372
32240
32108
31976
31844
31714
31582
31450
31318
31186
31056
30924
30792
30660
30528
30398
30266
30134
30002
29872
29740
29608
29476
29344
29214
29082
28950
28818
28686
28556
28424
28292
28160
28028
27898
27766
27634
27502
27370
27240
27108
26976
26844
26712
26582
26450
26318
26186
26054
25924
25792
25660
25528
25396
25266
25134
25002
24870
24738
24608
24476
24344
24212
24082
23950
23818
23686
23554
23424
23292
23160
23028
22896
22766
22634
22502
22370
22238
22108
21976
21844
21712
21580
21450
21318
21186
21054
20922
20792
20660
20528
20396
20264
20134
20002
19870
19738
19606
19476
19344
19212
19080
18950
18818
18686
18554
18422
18292
18160
18028
17896
17764
17634
17502
17370
17238
17106
16976
16844
16712
16580
16448
16318
16186
16054
15922
15790
15660
15528
15396
15264
15132
15002
14870
14738
14606
14474
14344
14212
14080
13948
13816
13686
13554
13422
13290
13160
13028
12896
12764
12632
12502
12370
12238
12106
11974
11844
11712
11580
11448
11316
11186
11054
10922
10790
10658
10528
10396
10264
10132
10000
9870
9738
9606
9474
9342
9212
9080
8948
8816
8684
8554
8422
8290
8158
8028
7896
7764
7632
7500
7370
7238
7106
6974
6842
6712
6580
6448
6316
6184
6054
5922
5790
5658
5526
5396
5264
5132
5000
4868
4738
4606
4474
4342
4210
4080
3948
3816
3684
3552
3422
3290
3158
3026
2894
2764
2632
2500
2368
2238
2106
1974
1842
1710
1580
1448
1316
1184
1052
922
790
658
526
394
264
132
0
0
0
0
0
0
0
0
0
0
0
0
0
0
0
0
0
0
0
0
0
0
0
0
0
0
0
0
0
0
0
0
0
0
0
0
0
0
0
0
0
0
0
0
0
0
0
0
0
0
0
0
0
0
0
0
0
0
0
0
0
0
0
0
0
0
0
0
0
0
0
0
0
0
0
0
0
0
0
0
0
0
0
0
0
0
0
0
0
0
0
0
0
0
0
0
0
0
0
0
0
0
0
0
0
0
0
0
0
0
0
0
0
0
0
0
0
0
0
0
0
0
0
0
0
0
0
0
0
0
0
0
0
0
0
0
0
0
0
0
0
0
0
0
0
0
0
0
0
0
0
0
0
0
0
0
0
0
0
0
0
0
0
0
0
0
0
0
0
0
0
0
0
0
0
0
0
0
0
0
0
0
0
0
0
0
0
0
0
0
0
0
0
0
0
0
0
0
0
0
0
0
0
0
0
0
0
0
0
0
0
0
0
0
0
0
0
0
0
0
0
0
0
0
0
0
0
0
0
0
0
0
0
0
0
0
0
0
0
0
0
0
0
0
0
0
0
0
0
0
0
0
0
0
0
0
0
0
0
0
0
0
0
0
0
0
0
0
0
0
0
0
0
0
0
0
0
0
0
0
0
0
0
0
0
0
0
0
0
0
0
0
0
0
0
0
0
0
0
0
0
0
0
0
0
0
0
0
0
0
0
0
0
0
0
0
0
0
0
0
0
0
0
0
0
0
0
0
0
0
0
0
0
0
0
0
0
0
0
0
0
0
0
0
0
0
0
0
0
0
0
0
0
0
0
0
0
0
0
0
0
0
0
0
0
0
0
0
0
0
0
0
0
0
0
0
0
0
0
0
0
0
0
0
0
0
0
0
0
0
0
0
0
0
0
0
0
0
0
0
0
0
0
0
0
0
0
0
0
0
0
0
0
0
0
0
0
0
0
0
0
0
0
0
0
0
0
0
0
0
0
0
0
0
0
0
0
0
0
0
0
0
0
0
0
0
0
0
0
0
0
0
0
0
0
0
0
0
0
0
0
0
0
0
0
0
0
0
0
0
0
0
0
0
0
0
0
0
0
0
0
0
0
0
0
0
0
0
0
0
0
0
0
0
0
0
0
0
0
0
0
0
0
0
0
0
0
0
0
0
0
0
0
0
0
0
0
0
0
0
0
0
0
0
0
0
0
0
0
0
0
0
0
0
0
0
0
0
0
0
0
0
0
0
0
0
0
0
0
0
0
0
0
0
0
0
0
0
0
0
0
0
0
0
0
0
0
0
0
0
0
0
0
0
0
0
0
0
0
0
0
0
0
0
0
0
0
0
0
0
0
0
0
0
0
0
0
0
0
0
0
0
0
0
0
0
0
0
0
0
0
0
0
0
0
0
0
0
0
0
0
0
0
0
0
0
0
0
0
0
0
0
0
0
0
0
0
0
0
0
0
0
0
0
0
0
0
0
0
0
0
0
0
0
0
0
0
0
0
0
0
0
0
0
0
0
0
0
0
0
0
0
0
0
0
0
0
0
0
0
0
0
0
0
0
0
0
0
0
0
0
0
0
0
0
0
0
0
0
0
0
0
0
0
0
0
0
0
0
0
0
0
0
0
0
0
0
0
0
0
0
0
0
0
0
0
0
0
0
0
0
0
0
0
0
0
0
0
0
0
0
0
0
0
0
0
0
0
0
0
0
0
0
0
0
0
0
0
0
0
0
0
0
0
0
0
0
0
0
0
0
0
0
0
0
0
0
0
0
0
0
0
0
0
0
0
0
0
0
0
0
0
0
0
0
0
0
0
0
0
0
0
0
0
0
0
0
0
0
0
0
0
0
0
0
0
0
0
0
0
0
0
0
0
0
0
0
0
0
0
0
0
0
0
0
0
0
0
0
0
0
0
0
0
0
0
0
0
0
0
0
0
0
0
0
0
0
0
0
0
0
0
0
0
0
0
0
0
0
0
0
0
0
0
0
0
0
0
0
0
0
0
0
0
0
0
0
0
0
0
0
0
0
0
0
0
0
0
0
0
0
0
0
0
0
0
0
0
0
0
0
0
0
0
0
0
0
0
0
0
0
0
0
0
0
0
0
0
0
0
0
0
0
0
0
0
0
0
0
0
0
0
0
0
0
0
0
0
0
0
0
0
0
0
0
0
0
0
0
0
0
0
0
0
0
0
0
0
0
0
0
0
0
0
0
0
0
0
0
0
0
0
0
0
0
0
0
0
0
0
0
0
0
0
0
0
0
0
0
0
0
0
0
0
0
0
0
0
0
0
0
0
0
0
0
0
0
0
0
0
0
0
0
0
0
0
0
0
0
0
0
0
0
0
0
0
0
0
0
0
0
0
0
0
0
0
0
0
0
0
0
0
0
0
0
0
0
0
0
0
0
0
0
0
0
0
0
0
0
0
0
0
0
0
0
0
0
0
0
0
0
0
0
0
0
0
0
0
0
0
0
0
0
0
0
0
0
0
0
0
0
0
0
0
0
0
0
0
0
0
0
0
0
0
0
0
0
0
0
0
0
0
0
0
0
0
0
0
0
0
0
0
0
0
0
0
0
0
0
0
0
0
0
0
0
0
0
0
0
0
0
0
0
0
0
0
0
0
0
0
0
0
0
0
0
0
0
0
0
0
0
0
0
0
0
0
0
0
0
0
0
0
0
0
0
0
0
0
0
0
0
0
0
0
0
0
0
0
0
0
0
0
0
0
0
0
0
0
0
0
0
0
0
0
0
0
0
0
0
0
0
0
0
0
0
0
0
0
0
0
0
0
0
0
0
0
0
0
0
0
0
0
0
0
0
0
0
0
0
0
0
0
-132
-264
-394
-526
-658
-790
-922
-1052
-1184
-1316
-1448
-1580
-1710
-1842
-1974
-2106
-2238
-2368
-2500
-2632
-2764
-2894
-3026
-3158
-3290
-3422
-3552
-3684
-3816
-3948
-4080
-4210
-4342
-4474
-4606
-4738
-4868
-5000
-5132
-5264
-5396
-5526
-5658
-5790
-5922
-6054
-6184
-6316
-6448
-6580
-6712
-6842
-6974
-7106
-7238
-7370
-7500
-7632
-7764
-7896
-8028
-8158
-8290
-8422
-8554
-8684
-8816
-8948
-9080
-9212
-9342
-9474
-9606
-9738
-9870
-10000
-10132
-10264
-10396
-10528
-10658
-10790
-10922
-11054
-11186
-11316
-11448
-11580
-11712
-11844
-11974
-12106
-12238
-12370
-12502
-12632
-12764
-12896
-13028
-13160
-13290
-13422
-13554
-13686
-13816
-13948
-14080
-14212
-14344
-14474
-14606
-14738
-14870
-15002
-15132
-15264
-15396
-15528
-15660
-15790
-15922
-16054
-16186
-16318
-16448
-16580
-16712
-16844
-16976
-17106
-17238
-17370
-17502
-17634
-17764
-17896
-18028
-18160
-18292
-18422
-18554
-18686
-18818
-18950
-19080
-19212
-19344
-19476
-19606
-19738
-19870
-20002
-20134
-20264
-20396
-20528
-20660
-20792
-20922
-21054
-21186
-21318
-21450
-21580
-21712
-21844
-21976
-22108
-22238
-22370
-22502
-22634
-22766
-22896
-23028
-23160
-23292
-23424
-23554
-23686
-23818
-23950
-24082
-24212
-24344
-24476
-24608
-24738
-24870
-25002
-25134
-25266
-25396
-25528
-25660
-25792
-25924
-26054
-26186
-26318
-26450
-26582
-26712
-26844
-26976
-27108
-27240
-27370
-27502
-27634
-27766
-27898
-28028
-28160
-28292
-28424
-28556
-28686
-28818
-28950
-29082
-29214
-29344
-29476
-29608
-29740
-29872
-30002
-30134
-30266
-30398
-30528
-30660
-30792
-30924
-31056
-31186
-31318
-31450
-31582
-31714
-31844
-31976
-32108
-32240
-32372
-32502
-32634
-32766
-32766
-32634
-32502
-32372
-32240
-32108
-31976
-31844
-31714
-31582
-31450
-31318
-31186
-31056
-30924
-30792
-30660
-30528
-30398
-30266
-30134
-30002
-29872
-29740
-29608
-29476
-29344
-29214
-29082
-28950
-28818
-28686
-28556
-28424
-28292
-28160
-28028
-27898
-27766
-27634
-27502
-27370
-27240
-27108
-26976
-26844
-26712
-26582
-26450
-26318
-26186
-26054
-25924
-25792
-25660
-25528
-25396
-25266
-25134
-25002
-24870
-24738
-24608
-24476
-24344
-24212
-24082
-23950
-23818
-23686
-23554
-23424
-23292
-23160
-23028
-22896
-22766
-22634
-22502
-22370
-22238
-22108
-21976
-21844
-21712
-21580
-21450
-21318
-21186
-21054
-20922
-20792
-20660
-20528
-20396
-20264
-20134
-20002
-19870
-19738
-19606
-19476
-19344
-19212
-19080
-18950
-18818
-18686
-18554
-18422
-18292
-18160
-18028
-17896
-17764
-17634
-17502
-17370
-17238
-17106
-16976
-16844
-16712
-16580
-16448
-16318
-16186
-16054
-15922
-15790
-15660
-15528
-15396
-15264
-15132
-15002
-14870
-14738
-14606
-14474
-14344
-14212
-14080
-13948
-13816
-13686
-13554
-13422
-13290
-13160
-13028
-12896
-12764
-12632
-12502
-12370
-12238
-12106
-11974
-11844
-11712
-11580
-11448
-11316
-11186
-11054
-10922
-10790
-10658
-10528
-10396
-10264
-10132
-10000
-9870
-9738
-9606
-9474
-9342
-9212
-9080
-8948
-8816
-8684
-8554
-8422
-8290
-8158
-8028
-7896
-7764
-7632
-7500
-7370
-7238
-7106
-6974
-6842
-6712
-6580
-6448
-6316
-6184
-6054
-5922
-5790
-5658
-5526
-5396
-5264
-5132
-5000
-4868
-4738
-4606
-4474
-4342
-4210
-4080
-3948
-3816
-3684
-3552
-3422
-3290
-3158
-3026
-2894
-2764
-2632
-2500
-2368
-2238
-2106
-1974
-1842
-1710
-1580
-1448
-1316
-1184
-1052
-922
-790
-658
-526
-394
-264
-132
0
0
0
0
0
0
0
0
0
0
0
0
0
0
0
0
0
0
0
0
0
0
0
0
0
0
0
0
0
0
0
0
0
0
0
0
0
0
0
0
0
0
0
0
0
0
0
0
0
0
0
0
0
0
0
0
0
0
0
0
0
0
0
0
0
0
0
0
0
0
0
0
0
0
0
0
0
0
0
0
0
0
0
0
0
0
0
0
0
0
0
0
0
0
0
0
0
0
0
0
0
0
0
0
0
0
0
0
0
0
0
0
0
0
0
0
0
0
0
0
0
0
0
0
0
0
0
0
0
0
0
0
0
0
0
0
0
0
0
0
0
0
0
0
0
0
0
0
0
0
0
0
0
0
0
0
0
0
0
0
0
0
0
0
0
0
0
0
0
0
0
0
0
0
0
0
0
0
0
0
0
0
0
0
0
0
0
0
0
0
0
0
0
0
0
0
0
0
0
0
0
0
0
0
0
0
0
0
0
0
0
0
0
0
0
0
0
0
0
0
0
0
0
0
0
0
0
0
0
0
0
0
0
0
0
0
0
0
0
0
0
0
0
0
0
0
0
0
0
0
0
0
0
0
0
0
0
0
0
0
0
0
0
0
0
0
0
0
0
0
0
0
0
0
0
0
0
0
0
0
0
0
0
0
0
0
0
0
0
0
0
0
0
0
0
0
0
0
0
0
0
0
0
0
0
0
0
0
0
0
0
0
0
0
0
0
0
0
0
0
0
0
0
0
0
0
0
0
0
0
0
0
0
0
0
0
0
0
0
0
0
0
0
0
0
0
0
0
0
0
0
0
0
0
0
0
0
0
0
0
0
0
0
0
0
0
0
0
0
0
0
0
0
0
0
0
0
0
0
0
0
0
0
0
0
0
0
0
0
0
0
0
0
0
0
0
0
0
0
0
0
0
0
0
0
0
0
0
0
0
0
0
0
0
0
0
0
0
0
0
0
0
0
0
0
0
0
0
0
0
0
0
0
0
0
0
0
0
0
0
0
0
0
0
0
0
0
0
0
0
0
0
0
0
0
0
0
0
0
0
0
0
0
0
0
0
0
0
0
0
0
0
0
0
0
0
0
0
0
0
0
0
0
0
0
0
0
0
0
0
0
0
0
0
0
0
0
0
0
0
0
0
0
0
0
0
0
0
0
0
0
0
0
0
0
0
0
0
0
0
0
0
0
0
0
0
0
0
0
0
0
0
0
0
0
0
0
0
0
0
0
0
0
0
0
0
0
0
0
0
0
0
0
0
0
0
0
0
0
0
0
0
0
0
0
0
0
0
0
0
0
0
0
0
0
0
0
0
0
0
0
0
0
0
0
0
0
0
0
0
0
0
0
0
0
0
0
0
0
0
0
0
0
0
0
0
0
0
0
0
0
0
0
0
0
0
0
0
0
0
0
0
0
0
0
0
0
0
0
0
0
0
0
0
0
0
0
0
0
0
0
0
0
0
0
0
0
0
0
0
0
0
0
0
0
0
0
0
0
0
0
0
0
0
0
0
0
0
0
0
0
0
0
0
0
0
0
0
0
0
0
0
0
0
0
0
0
0
0
0
0
0
0
0
0
0
0
0
0
0
0
0
0
0
0
0
0
0
0
0
0
0
0
0
0
0
0
0
0
0
0
0
0
0
0
0
0
0
0
0
0
0
0
0
0
0
0
0
0
0
0
0
0
0
0
0
0
0
0
0
0
0
0
0
0
0
0
0
0
0
0
0
0
0
0
0
0
0
0
0
0
0
0
0
0
0
0
0
0
0
0
0
0
0
0
0
0
0
0
0
0
0
0
0
0
0
0
0
0
0
0
0
0
0
0
0
0
0
0
0
0
0
0
0
0
0
0
0
0
0
0
0
0
0
0
0
0
0
0
0
0
0
0
0
0
0
0
0
0
0
0
0
0
0
0
0
0
0
0
0
0
0
0
0
0
0
0
0
0
0
0
0
0
0
0
0
0
0
0
0
0
0
0
0
0
0
0
0
0
0
0
0
0
0
0
0
0
0
0
0
0
0
0
0
0
0
0
0
0
0
0
0
0
0
0
0
0
0
0
0
0
0
0
0
0
0
0
0
0
0
0
0
0
0
0
0
0
0
0
0
0
0
0
0
0
0
0
0
0
0
0
0
0
0
0
0
0
0
0
0
0
0
0
0
0
0
0
0
0
0
0
0
0
0
0
0
0
0
0
0
0
0
0
0
0
0
0
0
0
0
0
0
0
0
0
0
0
0
0
0
0
0
0
0
0
0
0
0
0
0
0
0
0
0
0
0
0
0
0
0
0
0
0
0
0
0
0
0
0
0
0
0
0
0
0
0
0
0
0
0
0
0
0
0
0
0
0
0
0
0
0
0
0
0
0
0
0
0
0
0
0
0
0
0
0
0
0
0
0
0
0
0
0
0
0
0
0
0
0
0
0
0
0
0
0
0
0
0
0
0
0
0
0
0
0
0
0
0
0
0
0
0
0
0
0
0
0
0
0
0
0
0
0
0
0
0
0
0
0
0
0
0
0
0
0
0
0
0
0
0
0
0
0
0
0
0
0
0
0
0
0
0
0
0
0
0
0
0
0
0
0
0
0
0
0
0
0
0
0
0
0
0
0
0
0
0
0
0
0
0
0
0
0
0
0
0
0
0
0
0
0
0
0
0
0
0
0
0
0
0
0
0
0
0
0
0
0
0
0
0
0
0
0
0
0
0
0
0
0
0
0
0
0
0
0
0
0
0
0
0
0
0
0
0
0
0
0
0
0
0
0
0
0
0
0
0
0
0
0
0
0
0
0
0
0
0
0
0
0
0
0
0
0
0
0
0
0
0
0
0
0
0
-132
-264
-394
-526
-658
-790
-922
-1052
-1184
-1316
-1448
-1580
-1710
-1842
-1974
-2106
-2238
-2368
-2500
-2632
-2764
-2894
-3026
-3158
-3290
-3422
-3552
-3684
-3816
-3948
-4080
-4210
-4342
-4474
-4606
-4738
-4868
-5000
-5132
-5264
-5396
-5526
-5658
-5790
-5922
-6054
-6184
-6316
-6448
-6580
-6712
-6842
-6974
-7106
-7238
-7370
-7500
-7632
-7764
-7896
-8028
-8158
-8290
-8422
-8554
-8684
-8816
-8948
-9080
-9212
-9342
-9474
-9606
-9738
-9870
-10000
-10132
-10264
-10396
-10528
-10658
-10790
-10922
-11054
-11186
-11316
-11448
-11580
-11712
-11844
-11974
-12106
-12238
-12370
-12502
-12632
-12764
-12896
-13028
-13160
-13290
-13422
-13554
-13686
-13816
-13948
-14080
-14212
-14344
-14474
-14606
-14738
-14870
-15002
-15132
-15264
-15396
-15528
-15660
-15790
-15922
-16054
-16186
-16318
-16448
-16580
-16712
-16844
-16976
-17106
-17238
-17370
-17502
-17634
-17764
-17896
-18028
-18160
-18292
-18422
-18554
-18686
-18818
-18950
-19080
-19212
-19344
-19476
-19606
-19738
-19870
-20002
-20134
-20264
-20396
-20528
-20660
-20792
-20922
-21054
-21186
-21318
-21450
-21580
-21712
-21844
-21976
-22108
-22238
-22370
-22502
-22634
-22766
-22896
-23028
-23160
-23292
-23424
-23554
-23686
-23818
-23950
-24082
-24212
-24344
-24476
-24608
-24738
-24870
-25002
-25134
-25266
-25396
-25528
-25660
-25792
-25924
-26054
-26186
-26318
-26450
-26582
-26712
-26844
-26976
-27108
-27240
-27370
-27502
-27634
-27766
-27898
-28028
-28160
-28292
-28424
-28556
-28686
-28818
-28950
-29082
-29214
-29344
-29476
-29608
-29740
-29872
-30002
-30134
-30266
-30398
-30528
-30660
-30792
-30924
-31056
-31186
-31318
-31450
-31582
-31714
-31844
-31976
-32108
-32240
-32372
-32502
-32634
-32766
-32766
-32634
-32502
-32372
-32240
-32108
-31976
-31844
-31714
-31582
-31450
-31318
-31186
-31056
-30924
-30792
-30660
-30528
-30398
-30266
-30134
-30002
-29872
-29740
-29608
-29476
-29344
-29214
-29082
-28950
-28818
-28686
-28556
-28424
-28292
-28160
-28028
-27898
-27766
-27634
-27502
-27370
-27240
-27108
-26976
-26844
-26712
-26582
-26450
-26318
-26186
-26054
-25924
-25792
-25660
-25528
-25396
-25266
-25134
-25002
-24870
-24738
-24608
-24476
-24344
-24212
-24082
-23950
-23818
-23686
-23554
-23424
-23292
-23160
-23028
-22896
-22766
-22634
-22502
-22370
-22238
-22108
-21976
-21844
-21712
-21580
-21450
-21318
-21186
-21054
-20922
-20792
-20660
-20528
-20396
-20264
-20134
-20002
-19870
-19738
-19606
-19476
-19344
-19212
-19080
-18950
-18818
-18686
-18554
-18422
-18292
-18160
-18028
-17896
-17764
-17634
-17502
-17370
-17238
-17106
-16976
-16844
-16712
-16580
-16448
-16318
-16186
-16054
-15922
-15790
-15660
-15528
-15396
-15264
-15132
-15002
-14870
-14738
-14606
-14474
-14344
-14212
-14080
-13948
-13816
-13686
-13554
-13422
-13290
-13160
-13028
-12896
-12764
-12632
-12502
-12370
-12238
-12106
-11974
-11844
-11712
-11580
-11448
-11316
-11186
-11054
-10922
-10790
-10658
-10528
-10396
-10264
-10132
-10000
-9870
-9738
-9606
-9474
-9342
-9212
-9080
-8948
-8816
-8684
-8554
-8422
-8290
-8158
-8028
-7896
-7764
-7632
-7500
-7370
-7238
-7106
-6974
-6842
-6712
-6580
-6448
-6316
-6184
-6054
-5922
-5790
-5658
-5526
-5396
-5264
-5132
-5000
-4868
-4738
-4606
-4474
-4342
-4210
-4080
-3948
-3816
-3684
-3552
-3422
-3290
-3158
-3026
-2894
-2764
-2632
-2500
-2368
-2238
-2106
-1974
-1842
-1710
-1580
-1448
-1316
-1184
-1052
-922
-790
-658
-526
-394
-264
-132
0
0
0
0
0
0
0
0
0
0
0
0
0
0
0
0
0
0
0
0
0
0
0
0
0
0
0
0
0
0
0
0
0
0
0
0
0
0
0
0
0
0
0
0
0
0
0
0
0
0
0
0
0
0
0
0
0
0
0
0
0
0
0
0
0
0
0
0
0
0
0
0
0
0
0
0
0
0
0
0
0
0
0
0
0
0
0
0
0
0
0
0
0
0
0
0
0
0
0
0
0
0
0
0
0
0
0
0
0
0
0
0
0
0
0
0
0
0
0
0
0
0
0
0
0
0
0
0
0
0
0
0
0
0
0
0
0
0
0
0
0
0
0
0
0
0
0
0
0
0
0
0
0
0
0
0
0
0
0
0
0
0
0
0
0
0
0
0
0
0
0
0
0
0
0
0
0
0
0
0
0
0
0
0
0
0
0
0
0
0
0
0
0
0
0
0
0
0
0
0
0
0
0
0
0
0
0
0
0
0
0
0
0
0
0
0
0
0
0
0
0
0
0
0
0
0
0
0
0
0
0
0
0
0
0
0
0
0
0
0
0
0
0
0
0
0
0
0
0
0
0
0
0
0
0
0
0
0
0
0
0
0
0
0
0
0
0
0
0
0
0
0
0
0
0
0
0
0
0
0
0
0
0
0
0
0
0
0
0
0
0
0
0
0
0
0
0
0
0
0
0
0
0
0
0
0
0
0
0
0
0
0
0
0
0
0
0
0
0
0
0
0
0
0
0
0
0
0
0
0
0
0
0
0
0
0
0
0
0
0
0
0
0
0
0
0
0
0
0
0
0
0
0
0
0
0
0
0
0
0
0
0
0
0
0
0
0
0
0
0
0
0
0
0
0
0
0
0
0
0
0
0
0
0
0
0
0
0
0
0
0
0
0
0
0
0
0
0
0
0
0
0
0
0
0
0
0
0
0
0
0
0
0
0
0
0
0
0
0
0
0
0
0
0
0
0
0
0
0
0
0
0
0
0
0
0
0
0
0
0
0
0
0
0
0
0
0
0
0
0
0
0
0
0
0
0
0
0
0
0
0
0
0
0
0
0
0
0
0
0
0
0
0
0
0
0
0
0
0
0
0
0
0
0
0
0
0
0
0
0
0
0
0
0
0
0
0
0
0
0
0
0
0
0
0
0
0
0
0
0
0
0
0
0
0
0
0
0
0
0
0
0
0
0
0
0
0
0
0
0
0
0
0
0
0
0
0
0
0
0
0
0
0
0
0
0
0
0
0
0
0
0
0
0
0
0
0
0
0
0
0
0
0
0
0
0
0
0
0
0
0
0
0
0
0
0
0
0
0
0
0
0
0
0
0
0
0
0
0
0
0
0
0
0
0
0
0
0
0
0
0
0
0
0
0
0
0
0
0
0
0
0
0
0
0
0
0
0
0
0
0
0
0
0
0
0
0
0
0
0
0
0
0
0
0
0
0
0
0
0
0
0
0
0
0
0
0
0
0
0
0
0
0
0
0
0
0
0
0
0
0
0
0
0
0
0
0
0
0
0
0
0
0
0
0
0
0
0
0
0
0
0
0
0
0
0
0
0
0
0
0
0
0
0
0
0
0
0
0
0
0
0
0
0
0
0
0
0
0
0
0
0
0
0
0
0
0
0
0
0
0
0
0
0
0
0
0
0
0
0
0
0
0
0
0
0
0
0
0
0
0
0
0
0
0
0
0
0
0
0
0
0
0
0
0
0
0
0
0
0
0
0
0
0
0
0
0
0
0
0
0
0
0
0
0
0
0
0
0
0
0
0
0
0
0
0
0
0
0
0
0
0
0
0
0
0
0
0
0
0
0
0
0
0
0
0
0
0
0
0
0
0
0
0
0
0
0
0
0
0
0
0
0
0
0
0
0
0
0
0
0
0
0
0
0
0
0
0
0
0
0
0
0
0
0
0
0
0
0
0
0
0
0
0
0
0
0
0
0
0
0
0
0
0
0
0
0
0
0
0
0
0
0
0
0
0
0
0
0
0
0
0
0
0
0
0
0
0
0
0
0
0
0
0
0
0
0
0
0
0
0
0
0
0
0
0
0
0
0
0
0
0
0
0
0
0
0
0
0
0
0
0
0
0
0
0
0
0
0
0
0
0
0
0
0
0
0
0
0
0
0
0
0
0
0
0
0
0
0
0
0
0
0
0
0
0
0
0
0
0
0
0
0
0
0
0
0
0
0
0
0
0
0
0
0
0
0
0
0
0
0
0
0
0
0
0
0
0
0
0
0
0
0
0
0
0
0
0
0
0
0
0
0
0
0
0
0
0
0
0
0
0
0
0
0
0
0
0
0
0
0
0
0
0
0
0
0
0
0
0
0
0
0
0
0
0
0
0
0
0
0
0
0
0
0
0
0
0
0
0
0
0
0
0
0
0
0
0
0
0
0
0
0
0
0
0
0
0
0
0
0
0
0
0
0
0
0
0
0
0
0
0
0
0
0
0
0
0
0
0
0
0
0
0
0
0
0
0
0
0
0
0
0
0
0
0
0
0
0
0
0
0
0
0
0
0
0
0
0
0
0
0
0
0
0
0
0
0
0
0
0
0
0
0
0
0
0
0
0
0
0
0
0
0
0
0
0
0
0
0
0
0
0
0
0
0
0
0
0
0
0
0
0
0
0
0
0
0
0
0
0
0
0
0
0
0
0
0
0
0
0
0
0
0
0
0
0
0
0
0
0
0
0
0
0
0
0
0
0
0
0
0
0
0
0
0
0
0
0
0
0
0
0
0
0
0
0
0
0
0
0
0
0
0
0
0
0
0
0
0
0
0
0
0
0
0
0
0
0
0
0
0
0
0
0
0
0
0
0
0
0
0
132
264
394
526
658
790
922
1052
1184
1316
1448
1580
1710
1842
1974
2106
2238
2368
2500
2632
2764
2894
3026
3158
3290
3422
3552
3684
3816
3948
4080
4210
4342
4474
4606
4738
4868
5000
5132
5264
5396
5526
5658
5790
5922
6054
6184
6316
6448
6580
6712
6842
6974
7106
7238
7370
7500
7632
7764
7896
8028
8158
8290
8422
8554
8684
8816
8948
9080
9212
9342
9474
9606
9738
9870
10000
10132
10264
10396
10528
10658
10790
10922
11054
11186
11316
11448
11580
11712
11844
11974
12106
12238
12370
12502
12632
12764
12896
13028
13160
13290
13422
13554
13686
13816
13948
14080
14212
14344
14474
14606
14738
14870
15002
15132
15264
15396
15528
15660
15790
15922
16054
16186
16318
16448
16580
16712
16844
16976
17106
17238
17370
17502
17634
17764
17896
18028
18160
18292
18422
18554
18686
18818
18950
19080
19212
19344
19476
19606
19738
19870
20002
20134
20264
20396
20528
20660
20792
20922
21054
21186
21318
21450
21580
21712
21844
21976
22108
22238
22370
22502
22634
22766
22896
23028
23160
23292
23424
23554
23686
23818
23950
24082
24212
24344
24476
24608
24738
24870
25002
25134
25266
25396
25528
25660
25792
25924
26054
26186
26318
26450
26582
26712
26844
26976
27108
27240
27370
27502
27634
27766
27898
28028
28160
28292
28424
28556
28686
28818
28950
29082
29214
29344
29476
29608
29740
29872
30002
30134
30266
30398
30528
30660
30792
30924
31056
31186
31318
31450
31582
31714
31844
31976
32108
32240
32372
32502
32634
32766
32766
32634
32502
32372
32240
32108
31976
31844
31714
31582
31450
31318
31186
31056
30924
30792
30660
30528
30398
30266
30134
30002
29872
29740
29608
29476
29344
29214
29082
28950
28818
28686
28556
28424
28292
28160
28028
27898
27766
27634
27502
27370
27240
27108
26976
26844
26712
26582
26450
26318
26186
26054
25924
25792
25660
25528
25396
25266
25134
25002
24870
24738
24608
24476
24344
24212
24082
23950
23818
23686
23554
23424
23292
23160
23028
22896
22766
22634
22502
22370
22238
22108
21976
21844
21712
21580
21450
21318
21186
21054
20922
20792
20660
20528
20396
20264
20134
20002
19870
19738
19606
19476
19344
19212
19080
18950
18818
18686
18554
18422
18292
18160
18028
17896
17764
17634
17502
17370
17238
17106
16976
16844
16712
16580
16448
16318
16186
16054
15922
15790
15660
15528
15396
15264
15132
15002
14870
14738
14606
14474
14344
14212
14080
13948
13816
13686
13554
13422
13290
13160
13028
12896
12764
12632
12502
12370
12238
12106
11974
11844
11712
11580
11448
11316
11186
11054
10922
10790
10658
10528
10396
10264
10132
10000
9870
9738
9606
9474
9342
9212
9080
8948
8816
8684
8554
8422
8290
8158
8028
7896
7764
7632
7500
7370
7238
7106
6974
6842
6712
6580
6448
6316
6184
6054
5922
5790
5658
5526
5396
5264
5132
5000
4868
4738
4606
4474
4342
4210
4080
3948
3816
3684
3552
3422
3290
3158
3026
2894
2764
2632
2500
2368
2238
2106
1974
1842
1710
1580
1448
1316
1184
1052
922
790
658
526
394
264
132
0
0
0
0
0
0
0
0
0
0
0
0
0
0
0
0
0
0
0
0
0
0
0
0
0
0
0
0
0
0
0
0
0
0
0
0
0
0
0
0
0
0
0
0
0
0
0
0
0
0
0
0
0
0
0
0
0
0
0
0
0
0
0
0
0
0
0
0
0
0
0
0
0
0
0
0
0
0
0
0
0
0
0
0
0
0
0
0
0
0
0
0
0
0
0
0
0
0
0
0
0
0
0
0
0
0
0
0
0
0
0
0
0
0
0
0
0
0
0
0
0
0
0
0
0
0
0
0
0
0
0
0
0
0
0
0
0
0
0
0
0
0
0
0
0
0
0
0
0
0
0
0
0
0
0
0
0
0
0
0
0
0
0
0
0
0
0
0
0
0
0
0
0
0
0
0
0
0
0
0
0
0
0
0
0
0
0
0
0
0
0
0
0
0
0
0
0
0
0
0
0
0
0
0
0
0
0
0
0
0
0
0
0
0
0
0
0
0
0
0
0
0
0
0
0
0
0
0
0
0
0
0
0
0
0
0
0
0
0
0
0
0
0
0
0
0
0
0
0
0
0
0
0
0
0
0
0
0
0
0
0
0
0
0
0
0
0
0
0
0
0
0
0
0
0
0
0
0
0
0
0
0
0
0
0
0
0
0
0
0
0
0
0
0
0
0
0
0
0
0
0
0
0
0
0
0
0
0
0
0
0
0
0
0
0
0
0
0
0
0
0
0
0
0
0
0
0
0
0
0
0
0
0
0
0
0
0
0
0
0
0
0
0
0
0
0
0
0
0
0
0
0
0
0
0
0
0
0
0
0
0
0
0
0
0
0
0
0
0
0
0
0
0
0
0
0
0
0
0
0
0
0
0
0
0
0
0
0
0
0
0
0
0
0
0
0
0
0
0
0
0
0
0
0
0
0
0
0
0
0
0
0
0
0
0
0
0
0
0
0
0
0
0
0
0
0
0
0
0
0
0
0
0
0
0
0
0
0
0
0
0
0
0
0
0
0
0
0
0
0
0
0
0
0
0
0
0
0
0
0
0
0
0
0
0
0
0
0
0
0
0
0
0
0
0
0
0
0
0
0
0
0
0
0
0
0
0
0
0
0
0
0
0
0
0
0
0
0
0
0
0
0
0
0
0
0
0
0
0
0
0
0
0
0
0
0
0
0
0
0
0
0
0
0
0
0
0
0
0
0
0
0
0
0
0
0
0
0
0
0
0
0
0
0
0
0
0
0
0
0
0
0
0
0
0
0
0
0
0
0
0
0
0
0
0
0
0
0
0
0
0
0
0
0
0
0
0
0
0
0
0
0
0
0
0
0
0
0
0
0
0
0
0
0
0
0
0
0
0
0
0
0
0
0
0
0
0
0
0
0
0
0
0
0
0
0
0
0
0
0
0
0
0
0
0
0
0
0
0
0
0
0
0
0
0
0
0
0
0
0
0
0
0
0
0
0
0
0
0
0
0
0
0
0
0
0
0
0
0
0
0
0
0
0
0
0
0
0
0
0
0
0
0
0
0
0
0
0
0
0
0
0
0
0
0
0
0
0
0
0
0
0
0
0
0
0
0
0
0
0
0
0
0
0
0
0
0
0
0
0
0
0
0
0
0
0
0
0
0
0
0
0
0
0
0
0
0
0
0
0
0
0
0
0
0
0
0
0
0
0
0
0
0
0
0
0
0
0
0
0
0
