0
0
2
4
6
10
14
18
24
30
36
44
52
60
70
80
90
102
114
126
140
154
168
184
200
216
234
252
272
290
310
332
352
374
398
422
446
470
496
522
548
576
604
634
664
694
724
756
788
822
856
890
926
960
998
1034
1072
1112
1150
1190
1232
1274
1316
1358
1402
1446
1492
1538
1584
1632
1680
1728
1778
1828
1878
1930
1982
2036
2090
2144
2200
2256
2312
2370
2428
2488
2548
2608
2670
2732
2794
2858
2922
2988
3054
3120
3188
3256
3326
3396
3466
3538
3610
3682
3756
3832
3908
3984
4060
4138
4218
4298
4378
4460
4542
4624
4708
4792
4878
4964
5052
5140
5230
5320
5410
5502
5594
5688
5782
5878
5974
6070
6168
6268
6368
6468
6570
6672
6776
6880
6986
7092
7200
7308
7418
7528
7638
7750
7864
7978
8094
8210
8328
8446
8564
8686
8806
8930
9052
9178
9304
9430
9558
9686
9816
9948
10080
10214
10348
10484
10620
10758
10898
11038
11180
11322
11466
11612
11758
11906
12054
12204
12356
12508
12662
12818
12974
13132
13290
13450
13612
13776
13940
14106
14274
14442
14612
14784
14956
15130
15306
15484
15662
15842
16024
16208
16392
16578
16766
16956
17148
17340
17536
17732
17930
18128
18330
18532
18738
18944
19152
19362
19574
19788
20004
20220
20440
20662
20884
21110
21336
21566
21798
22030
22266
22504
22744
22986
23230
23476
23724
23974
24228
24484
24742
25002
25264
25530
25798
26068
26340
26616
26894
27176
27458
27746
28034
28326
28622
28920
29220
29524
29832
30142
30454
30772
31092
31414
31742
32072
32404
32742
-32448
-32104
-31756
-31404
-31048
-30686
-30322
-29954
-29582
-29204
-28822
-28436
-28046
-27652
-27252
-26846
-26436
-26022
-25602
-25176
-24746
-24308
-23866
-23418
-22964
-22504
-22038
-21566
-21086
-20600
-20108
-19608
-19102
-18586
-18064
-17534
-16996
-16450
-15894
-15330
-14758
-14176
-13584
-12982
-12370
-11748
-11114
-10468
-9812
-9144
-8462
-7768
-7062
-6340
-5604
-4852
-4086
-3304
-2504
-1686
-850
6
880
1776
2696
3636
4602
5594
6612
7660
8736
9846
10988
12166
13380
14636
15936
17282
18676
20124
21630
23196
24830
26538
28326
30202
32176
-31276
-29076
-26744
-24258
-21600
-18744
-15658
-12302
-8624
-4558
-8
5152
11112
18166
26806
-27580
0
0
0
0
0
0
0
0
0
0
0
0
0
0
0
0
0
0
0
0
0
0
0
0
0
0
0
0
0
0
0
0
0
0
0
0
0
0
0
0
0
0
0
0
0
0
0
0
0
0
0
0
0
0
0
0
0
0
0
0
0
0
0
0
0
0
0
0
0
0
0
0
0
0
0
0
0
0
0
0
0
0
0
0
0
0
0
0
0
0
0
0
0
0
0
0
0
0
0
0
0
0
0
0
0
0
0
0
0
0
0
0
0
0
0
0
0
0
0
0
0
0
0
0
0
0
0
0
0
0
0
0
0
0
0
0
0
0
0
0
0
0
0
0
0
0
0
0
0
0
0
0
0
0
0
0
0
0
0
0
0
0
0
0
0
0
0
0
0
0
0
0
0
0
0
0
0
0
0
0
0
0
0
0
0
0
0
0
0
0
0
0
0
0
0
0
0
0
0
0
0
0
0
0
0
0
0
0
0
0
0
0
0
0
0
0
0
0
0
0
0
0
0
0
0
0
0
0
0
0
0
0
0
0
0
0
0
0
0
0
0
0
0
0
0
0
0
0
0
0
0
0
0
0
0
0
0
0
0
0
0
0
0
0
0
0
0
0
0
0
0
0
0
0
0
0
0
0
0
0
0
0
0
0
0
0
0
0
0
0
0
0
0
0
0
0
0
0
0
0
0
0
0
0
0
0
0
0
0
0
0
0
0
0
0
0
0
0
0
0
0
0
0
0
0
0
0
0
0
0
0
0
0
0
0
0
0
0
0
0
0
0
0
0
0
0
0
0
0
0
0
0
0
0
0
0
0
0
0
0
0
0
0
0
0
0
0
0
0
0
0
0
0
0
0
0
0
0
0
0
0
0
0
0
0
0
0
0
0
0
0
0
0
0
0
0
0
0
0
0
0
0
0
0
0
0
0
0
0
0
0
0
0
0
0
0
0
0
0
0
0
0
0
0
0
0
0
0
0
0
0
0
0
0
0
0
0
0
0
0
0
0
0
0
0
0
0
0
0
0
0
0
0
0
0
0
0
0
0
0
0
0
0
0
0
0
0
0
0
0
0
0
0
0
0
0
0
0
0
0
0
0
0
0
0
0
0
0
0
0
0
0
0
0
0
0
0
0
0
0
0
0
0
0
0
0
0
0
0
0
0
0
0
0
0
0
0
0
0
0
0
0
0
0
0
0
0
0
0
0
0
0
0
0
0
0
0
0
0
0
0
0
0
0
0
0
0
0
0
0
0
0
0
0
0
0
0
0
0
0
0
0
0
0
0
0
0
0
0
0
0
0
0
0
0
0
0
0
0
0
0
0
0
0
0
0
0
0
0
0
0
0
0
0
0
0
0
0
0
0
0
0
0
0
0
0
0
0
0
0
0
0
0
0
0
0
0
0
0
0
0
0
0
0
0
0
0
0
0
0
0
0
0
0
0
0
0
0
0
0
0
0
0
0
0
0
0
0
0
0
0
0
0
0
0
0
0
0
0
0
0
0
0
0
0
0
0
0
0
0
0
0
0
0
0
0
0
0
0
0
0
0
0
0
0
0
0
0
0
0
0
0
0
0
0
0
0
0
0
0
0
0
0
0
0
0
0
0
0
0
0
0
0
0
0
0
0
0
0
0
0
0
0
0
0
0
0
0
0
0
0
0
0
0
0
0
0
0
0
0
0
0
0
0
0
0
0
0
0
0
0
0
0
0
0
0
0
0
0
0
0
0
0
0
0
0
0
0
0
0
0
0
0
0
0
5186
-5960
-14600
-21654
-27614
32758
28208
24142
20464
17108
14022
11166
8508
6022
3690
1490
-590
-2564
-4440
-6228
-7936
-9570
-11136
-12642
-14090
-15484
-16830
-18130
-19386
-20600
-21778
-22920
-24030
-25106
-26154
-27172
-28164
-29130
-30070
-30990
-31886
-32760
31916
31080
30262
29462
28680
27914
27162
26426
25704
24998
24304
23622
22954
22298
21652
21018
20396
19784
19182
18590
18008
17436
16872
16316
15770
15232
14702
14180
13664
13158
12658
12166
11680
11200
10728
10262
9802
9348
8900
8458
8020
7590
7164
6744
6330
5920
5514
5114
4720
4330
3944
3562
3184
2812
2444
2080
1718
1362
1010
662
318
-24
-362
-694
-1024
-1352
-1674
-1994
-2312
-2624
-2934
-3242
-3546
-3846
-4144
-4440
-4732
-5020
-5308
-5590
-5872
-6150
-6426
-6698
-6968
-7236
-7502
-7764
-8024
-8282
-8538
-8792
-9042
-9290
-9536
-9780
-10022
-10262
-10500
-10736
-10968
-11200
-11430
-11656
-11882
-12104
-12326
-12546
-12762
-12978
-13192
-13404
-13614
-13822
-14028
-14234
-14436
-14638
-14836
-15034
-15230
-15426
-15618
-15810
-16000
-16188
-16374
-16558
-16742
-16924
-17104
-17282
-17460
-17636
-17810
-17982
-18154
-18324
-18492
-18660
-18826
-18990
-19154
-19316
-19476
-19634
-19792
-19948
-20104
-20258
-20410
-20562
-20712
-20860
-21008
-21154
-21300
-21444
-21586
-21728
-21868
-22008
-22146
-22282
-22418
-22552
-22686
-22818
-22950
-23080
-23208
-23336
-23462
-23588
-23714
-23836
-23960
-24080
-24202
-24320
-24438
-24556
-24672
-24788
-24902
-25016
-25128
-25238
-25348
-25458
-25566
-25674
-25780
-25886
-25990
-26094
-26196
-26298
-26398
-26498
-26598
-26696
-26792
-26888
-26984
-27078
-27172
-27264
-27356
-27446
-27536
-27626
-27714
-27802
-27888
-27974
-28058
-28142
-28224
-28306
-28388
-28468
-28548
-28628
-28706
-28782
-28858
-28934
-29010
-29084
-29156
-29228
-29300
-29370
-29440
-29510
-29578
-29646
-29712
-29778
-29844
-29908
-29972
-30034
-30096
-30158
-30218
-30278
-30338
-30396
-30454
-30510
-30566
-30622
-30676
-30730
-30784
-30836
-30888
-30938
-30988
-31038
-31086
-31134
-31182
-31228
-31274
-31320
-31364
-31408
-31450
-31492
-31534
-31576
-31616
-31654
-31694
-31732
-31768
-31806
-31840
-31876
-31910
-31944
-31978
-32010
-32042
-32072
-32102
-32132
-32162
-32190
-32218
-32244
-32270
-32296
-32320
-32344
-32368
-32392
-32414
-32434
-32456
-32476
-32494
-32514
-32532
-32550
-32566
-32582
-32598
-32612
-32626
-32640
-32652
-32664
-32676
-32686
-32696
-32706
-32714
-32722
-32730
-32736
-32742
-32748
-32752
-32756
-32760
-32762
-32764
-32766
-32766
-32766
-32766
-32764
-32762
-32760
-32756
-32752
-32748
-32742
-32736
-32730
-32722
-32714
-32706
-32696
-32686
-32676
-32664
-32652
-32640
-32626
-32612
-32598
-32582
-32566
-32550
-32532
-32514
-32494
-32476
-32456
-32434
-32414
-32392
-32368
-32344
-32320
-32296
-32270
-32244
-32218
-32190
-32162
-32132
-32102
-32072
-32042
-32010
-31978
-31944
-31910
-31876
-31840
-31806
-31768
-31732
-31694
-31654
-31616
-31576
-31534
-31492
-31450
-31408
-31364
-31320
-31274
-31228
-31182
-31134
-31086
-31038
-30988
-30938
-30888
-30836
-30784
-30730
-30676
-30622
-30566
-30510
-30454
-30396
-30338
-30278
-30218
-30158
-30096
-30034
-29972
-29908
-29844
-29778
-29712
-29646
-29578
-29510
-29440
-29370
-29300
-29228
-29156
-29084
-29010
-28934
-28858
-28782
-28706
-28628
-28548
-28468
-28388
-28306
-28224
-28142
-28058
-27974
-27888
-27802
-27714
-27626
-27536
-27446
-27356
-27264
-27172
-27078
-26984
-26888
-26792
-26696
-26598
-26498
-26398
-26298
-26196
-26094
-25990
-25886
-25780
-25674
-25566
-25458
-25348
-25238
-25128
-25016
-24902
-24788
-24672
-24556
-24438
-24320
-24202
-24080
-23960
-23836
-23714
-23588
-23462
-23336
-23208
-23080
-22950
-22818
-22686
-22552
-22418
-22282
-22146
-22008
-21868
-21728
-21586
-21444
-21300
-21154
-21008
-20860
-20712
-20562
-20410
-20258
-20104
-19948
-19792
-19634
-19476
-19316
-19154
-18990
-18826
-18660
-18492
-18324
-18154
-17982
-17810
-17636
-17460
-17282
-17104
-16924
-16742
-16558
-16374
-16188
-16000
-15810
-15618
-15426
-15230
-15034
-14836
-14638
-14436
-14234
-14028
-13822
-13614
-13404
-13192
-12978
-12762
-12546
-12326
-12104
-11882
-11656
-11430
-11200
-10968
-10736
-10500
-10262
-10022
-9780
-9536
-9290
-9042
-8792
-8538
-8282
-8024
-7764
-7502
-7236
-6968
-6698
-6426
-6150
-5872
-5590
-5308
-5020
-4732
-4440
-4144
-3846
-3546
-3242
-2934
-2624
-2312
-1994
-1674
-1352
-1024
-694
-362
-24
318
662
1010
1362
1718
2080
2444
2812
3184
3562
3944
4330
4720
5114
5514
5920
6330
6744
7164
7590
8020
8458
8900
9348
9802
10262
10728
11200
11680
12166
12658
13158
13664
14180
14702
15232
15770
16316
16872
17436
18008
18590
19182
19784
20396
21018
21652
22298
22954
23622
24304
24998
25704
26426
27162
27914
28680
29462
30262
31080
31916
-32760
-31886
-30990
-30070
-29130
-28164
-27172
-26154
-25106
-24030
-22920
-21778
-20600
-19386
-18130
-16830
-15484
-14090
-12642
-11136
-9570
-7936
-6228
-4440
-2564
-590
1490
3690
6022
8508
11166
14022
17108
20464
24142
28208
32758
-27614
-21654
-14600
-5960
5186
0
0
0
0
0
0
0
0
0
0
0
0
0
0
0
0
0
0
0
0
0
0
0
0
0
0
0
0
0
0
0
0
0
0
0
0
0
0
0
0
0
0
0
0
0
0
0
0
0
0
0
0
0
0
0
0
0
0
0
0
0
0
0
0
0
0
0
0
0
0
0
0
0
0
0
0
0
0
0
0
0
0
0
0
0
0
0
0
0
0
0
0
0
0
0
0
0
0
0
0
0
0
0
0
0
0
0
0
0
0
0
0
0
0
0
0
0
0
0
0
0
0
0
0
0
0
0
0
0
0
0
0
0
0
0
0
0
0
0
0
0
0
0
0
0
0
0
0
0
0
0
0
0
0
0
0
0
0
0
0
0
0
0
0
0
0
0
0
0
0
0
0
0
0
0
0
0
0
0
0
0
0
0
0
0
0
0
0
0
0
0
0
0
0
0
0
0
0
0
0
0
0
0
0
0
0
0
0
0
0
0
0
0
0
0
0
0
0
0
0
0
0
0
0
0
0
0
0
0
0
0
0
0
0
0
0
0
0
0
0
0
0
0
0
0
0
0
0
0
0
0
0
0
0
0
0
0
0
0
0
0
0
0
0
0
0
0
0
0
0
0
0
0
0
0
0
0
0
0
0
0
0
0
0
0
0
0
0
0
0
0
0
0
0
0
0
0
0
0
0
0
0
0
0
0
0
0
0
0
0
0
0
0
0
0
0
0
0
0
0
0
0
0
0
0
0
0
0
0
0
0
0
0
0
0
0
0
0
0
0
0
0
0
0
0
0
0
0
0
0
0
0
0
0
0
0
0
0
0
0
0
0
0
0
0
0
0
0
0
0
0
0
0
0
0
0
0
0
0
0
0
0
0
0
0
0
0
0
0
0
0
0
0
0
0
0
0
0
0
0
0
0
0
0
0
0
0
0
0
0
0
0
0
0
0
0
0
0
0
0
0
0
0
0
0
0
0
0
0
0
0
0
0
0
0
0
0
0
0
0
0
0
0
0
0
0
0
0
0
0
0
0
0
0
0
0
0
0
0
0
0
0
0
0
0
0
0
0
0
0
0
0
0
0
0
0
0
0
0
0
0
0
0
0
0
0
0
0
0
0
0
0
0
0
0
0
0
0
0
0
0
0
0
0
0
0
0
0
0
0
0
0
0
0
0
0
0
0
0
0
0
0
0
0
0
0
0
0
0
0
0
0
0
0
0
0
0
0
0
0
0
0
0
0
0
0
0
0
0
0
0
0
0
0
0
0
0
0
0
0
0
0
0
0
0
0
0
0
0
0
0
0
0
0
0
0
0
0
0
0
0
0
0
0
0
0
0
0
0
0
0
0
0
0
0
0
0
0
0
0
0
0
0
0
0
0
0
0
0
0
0
0
0
0
0
0
0
0
0
0
0
0
0
0
0
0
0
0
0
0
0
0
0
0
0
0
0
0
0
0
0
0
0
0
0
0
0
0
0
0
0
0
0
0
0
0
0
0
0
0
0
0
0
0
0
0
0
0
0
0
0
0
0
0
0
0
0
0
0
0
0
0
0
0
0
0
0
0
0
0
0
0
0
0
0
0
0
0
0
0
0
0
0
0
0
0
0
0
0
0
0
0
0
0
0
0
0
0
0
0
0
0
0
0
0
0
0
0
0
0
0
0
0
0
0
0
0
0
0
0
0
0
0
0
0
0
0
0
0
0
0
0
0
0
0
0
0
0
0
0
0
0
0
0
0
0
0
0
0
0
0
0
0
0
0
5186
-5960
-14600
-21654
-27614
32758
28208
24142
20464
17108
14022
11166
8508
6022
3690
1490
-590
-2564
-4440
-6228
-7936
-9570
-11136
-12642
-14090
-15484
-16830
-18130
-19386
-20600
-21778
-22920
-24030
-25106
-26154
-27172
-28164
-29130
-30070
-30990
-31886
-32760
31916
31080
30262
29462
28680
27914
27162
26426
25704
24998
24304
23622
22954
22298
21652
21018
20396
19784
19182
18590
18008
17436
16872
16316
15770
15232
14702
14180
13664
13158
12658
12166
11680
11200
10728
10262
9802
9348
8900
8458
8020
7590
7164
6744
6330
5920
5514
5114
4720
4330
3944
3562
3184
2812
2444
2080
1718
1362
1010
662
318
-24
-362
-694
-1024
-1352
-1674
-1994
-2312
-2624
-2934
-3242
-3546
-3846
-4144
-4440
-4732
-5020
-5308
-5590
-5872
-6150
-6426
-6698
-6968
-7236
-7502
-7764
-8024
-8282
-8538
-8792
-9042
-9290
-9536
-9780
-10022
-10262
-10500
-10736
-10968
-11200
-11430
-11656
-11882
-12104
-12326
-12546
-12762
-12978
-13192
-13404
-13614
-13822
-14028
-14234
-14436
-14638
-14836
-15034
-15230
-15426
-15618
-15810
-16000
-16188
-16374
-16558
-16742
-16924
-17104
-17282
-17460
-17636
-17810
-17982
-18154
-18324
-18492
-18660
-18826
-18990
-19154
-19316
-19476
-19634
-19792
-19948
-20104
-20258
-20410
-20562
-20712
-20860
-21008
-21154
-21300
-21444
-21586
-21728
-21868
-22008
-22146
-22282
-22418
-22552
-22686
-22818
-22950
-23080
-23208
-23336
-23462
-23588
-23714
-23836
-23960
-24080
-24202
-24320
-24438
-24556
-24672
-24788
-24902
-25016
-25128
-25238
-25348
-25458
-25566
-25674
-25780
-25886
-25990
-26094
-26196
-26298
-26398
-26498
-26598
-26696
-26792
-26888
-26984
-27078
-27172
-27264
-27356
-27446
-27536
-27626
-27714
-27802
-27888
-27974
-28058
-28142
-28224
-28306
-28388
-28468
-28548
-28628
-28706
-28782
-28858
-28934
-29010
-29084
-29156
-29228
-29300
-29370
-29440
-29510
-29578
-29646
-29712
-29778
-29844
-29908
-29972
-30034
-30096
-30158
-30218
-30278
-30338
-30396
-30454
-30510
-30566
-30622
-30676
-30730
-30784
-30836
-30888
-30938
-30988
-31038
-31086
-31134
-31182
-31228
-31274
-31320
-31364
-31408
-31450
-31492
-31534
-31576
-31616
-31654
-31694
-31732
-31768
-31806
-31840
-31876
-31910
-31944
-31978
-32010
-32042
-32072
-32102
-32132
-32162
-32190
-32218
-32244
-32270
-32296
-32320
-32344
-32368
-32392
-32414
-32434
-32456
-32476
-32494
-32514
-32532
-32550
-32566
-32582
-32598
-32612
-32626
-32640
-32652
-32664
-32676
-32686
-32696
-32706
-32714
-32722
-32730
-32736
-32742
-32748
-32752
-32756
-32760
-32762
-32764
-32766
-32766
-32766
-32766
-32764
-32762
-32760
-32756
-32752
-32748
-32742
-32736
-32730
-32722
-32714
-32706
-32696
-32686
-32676
-32664
-32652
-32640
-32626
-32612
-32598
-32582
-32566
-32550
-32532
-32514
-32494
-32476
-32456
-32434
-32414
-32392
-32368
-32344
-32320
-32296
-32270
-32244
-32218
-32190
-32162
-32132
-32102
-32072
-32042
-32010
-31978
-31944
-31910
-31876
-31840
-31806
-31768
-31732
-31694
-31654
-31616
-31576
-31534
-31492
-31450
-31408
-31364
-31320
-31274
-31228
-31182
-31134
-31086
-31038
-30988
-30938
-30888
-30836
-30784
-30730
-30676
-30622
-30566
-30510
-30454
-30396
-30338
-30278
-30218
-30158
-30096
-30034
-29972
-29908
-29844
-29778
-29712
-29646
-29578
-29510
-29440
-29370
-29300
-29228
-29156
-29084
-29010
-28934
-28858
-28782
-28706
-28628
-28548
-28468
-28388
-28306
-28224
-28142
-28058
-27974
-27888
-27802
-27714
-27626
-27536
-27446
-27356
-27264
-27172
-27078
-26984
-26888
-26792
-26696
-26598
-26498
-26398
-26298
-26196
-26094
-25990
-25886
-25780
-25674
-25566
-25458
-25348
-25238
-25128
-25016
-24902
-24788
-24672
-24556
-24438
-24320
-24202
-24080
-23960
-23836
-23714
-23588
-23462
-23336
-23208
-23080
-22950
-22818
-22686
-22552
-22418
-22282
-22146
-22008
-21868
-21728
-21586
-21444
-21300
-21154
-21008
-20860
-20712
-20562
-20410
-20258
-20104
-19948
-19792
-19634
-19476
-19316
-19154
-18990
-18826
-18660
-18492
-18324
-18154
-17982
-17810
-17636
-17460
-17282
-17104
-16924
-16742
-16558
-16374
-16188
-16000
-15810
-15618
-15426
-15230
-15034
-14836
-14638
-14436
-14234
-14028
-13822
-13614
-13404
-13192
-12978
-12762
-12546
-12326
-12104
-11882
-11656
-11430
-11200
-10968
-10736
-10500
-10262
-10022
-9780
-9536
-9290
-9042
-8792
-8538
-8282
-8024
-7764
-7502
-7236
-6968
-6698
-6426
-6150
-5872
-5590
-5308
-5020
-4732
-4440
-4144
-3846
-3546
-3242
-2934
-2624
-2312
-1994
-1674
-1352
-1024
-694
-362
-24
318
662
1010
1362
1718
2080
2444
2812
3184
3562
3944
4330
4720
5114
5514
5920
6330
6744
7164
7590
8020
8458
8900
9348
9802
10262
10728
11200
11680
12166
12658
13158
13664
14180
14702
15232
15770
16316
16872
17436
18008
18590
19182
19784
20396
21018
21652
22298
22954
23622
24304
24998
25704
26426
27162
27914
28680
29462
30262
31080
31916
-32760
-31886
-30990
-30070
-29130
-28164
-27172
-26154
-25106
-24030
-22920
-21778
-20600
-19386
-18130
-16830
-15484
-14090
-12642
-11136
-9570
-7936
-6228
-4440
-2564
-590
1490
3690
6022
8508
11166
14022
17108
20464
24142
28208
32758
-27614
-21654
-14600
-5960
5186
0
0
0
0
0
0
0
0
0
0
0
0
0
0
0
0
0
0
0
0
0
0
0
0
0
0
0
0
0
0
0
0
0
0
0
0
0
0
0
0
0
0
0
0
0
0
0
0
0
0
0
0
0
0
0
0
0
0
0
0
0
0
0
0
0
0
0
0
0
0
0
0
0
0
0
0
0
0
0
0
0
0
0
0
0
0
0
0
0
0
0
0
0
0
0
0
0
0
0
0
0
0
0
0
0
0
0
0
0
0
0
0
0
0
0
0
0
0
0
0
0
0
0
0
0
0
0
0
0
0
0
0
0
0
0
0
0
0
0
0
0
0
0
0
0
0
0
0
0
0
0
0
0
0
0
0
0
0
0
0
0
0
0
0
0
0
0
0
0
0
0
0
0
0
0
0
0
0
0
0
0
0
0
0
0
0
0
0
0
0
0
0
0
0
0
0
0
0
0
0
0
0
0
0
0
0
0
0
0
0
0
0
0
0
0
0
0
0
0
0
0
0
0
0
0
0
0
0
0
0
0
0
0
0
0
0
0
0
0
0
0
0
0
0
0
0
0
0
0
0
0
0
0
0
0
0
0
0
0
0
0
0
0
0
0
0
0
0
0
0
0
0
0
0
0
0
0
0
0
0
0
0
0
0
0
0
0
0
0
0
0
0
0
0
0
0
0
0
0
0
0
0
0
0
0
0
0
0
0
0
0
0
0
0
0
0
0
0
0
0
0
0
0
0
0
0
0
0
0
0
0
0
0
0
0
0
0
0
0
0
0
0
0
0
0
0
0
0
0
0
0
0
0
0
0
0
0
0
0
0
0
0
0
0
0
0
0
0
0
0
0
0
0
0
0
0
0
0
0
0
0
0
0
0
0
0
0
0
0
0
0
0
0
0
0
0
0
0
0
0
0
0
0
0
0
0
0
0
0
0
0
0
0
0
0
0
0
0
0
0
0
0
0
0
0
0
0
0
0
0
0
0
0
0
0
0
0
0
0
0
0
0
0
0
0
0
0
0
0
0
0
0
0
0
0
0
0
0
0
0
0
0
0
0
0
0
0
0
0
0
0
0
0
0
0
0
0
0
0
0
0
0
0
0
0
0
0
0
0
0
0
0
0
0
0
0
0
0
0
0
0
0
0
0
0
0
0
0
0
0
0
0
0
0
0
0
0
0
0
0
0
0
0
0
0
0
0
0
0
0
0
0
0
0
0
0
0
0
0
0
0
0
0
0
0
0
0
0
0
0
0
0
0
0
0
0
0
0
0
0
0
0
0
0
0
0
0
0
0
0
0
0
0
0
0
0
0
0
0
0
0
0
0
0
0
0
0
0
0
0
0
0
0
0
0
0
0
0
0
0
0
0
0
0
0
0
0
0
0
0
0
0
0
0
0
0
0
0
0
0
0
0
0
0
0
0
0
0
0
0
0
0
0
0
0
0
0
0
0
0
0
0
0
0
0
0
0
0
0
0
0
0
0
0
0
0
0
0
0
0
0
0
0
0
0
0
0
0
0
0
0
0
0
0
0
0
0
0
0
0
0
0
0
0
0
0
0
0
0
0
0
0
0
0
0
0
0
0
0
0
0
0
0
0
0
0
0
0
0
0
0
0
0
0
0
0
0
0
0
0
0
0
0
0
0
0
0
0
0
0
0
0
0
0
0
0
0
0
0
0
0
0
0
0
0
0
0
0
0
0
0
0
0
0
0
0
0
0
0
0
0
0
0
0
0
0
0
0
0
0
0
0
0
0
0
5186
-5960
-14600
-21654
-27614
32758
28208
24142
20464
17108
14022
11166
8508
6022
3690
1490
-590
-2564
-4440
-6228
-7936
-9570
-11136
-12642
-14090
-15484
-16830
-18130
-19386
-20600
-21778
-22920
-24030
-25106
-26154
-27172
-28164
-29130
-30070
-30990
-31886
-32760
31916
31080
30262
29462
28680
27914
27162
26426
25704
24998
24304
23622
22954
22298
21652
21018
20396
19784
19182
18590
18008
17436
16872
16316
15770
15232
14702
14180
13664
13158
12658
12166
11680
11200
10728
10262
9802
9348
8900
8458
8020
7590
7164
6744
6330
5920
5514
5114
4720
4330
3944
3562
3184
2812
2444
2080
1718
1362
1010
662
318
-24
-362
-694
-1024
-1352
-1674
-1994
-2312
-2624
-2934
-3242
-3546
-3846
-4144
-4440
-4732
-5020
-5308
-5590
-5872
-6150
-6426
-6698
-6968
-7236
-7502
-7764
-8024
-8282
-8538
-8792
-9042
-9290
-9536
-9780
-10022
-10262
-10500
-10736
-10968
-11200
-11430
-11656
-11882
-12104
-12326
-12546
-12762
-12978
-13192
-13404
-13614
-13822
-14028
-14234
-14436
-14638
-14836
-15034
-15230
-15426
-15618
-15810
-16000
-16188
-16374
-16558
-16742
-16924
-17104
-17282
-17460
-17636
-17810
-17982
-18154
-18324
-18492
-18660
-18826
-18990
-19154
-19316
-19476
-19634
-19792
-19948
-20104
-20258
-20410
-20562
-20712
-20860
-21008
-21154
-21300
-21444
-21586
-21728
-21868
-22008
-22146
-22282
-22418
-22552
-22686
-22818
-22950
-23080
-23208
-23336
-23462
-23588
-23714
-23836
-23960
-24080
-24202
-24320
-24438
-24556
-24672
-24788
-24902
-25016
-25128
-25238
-25348
-25458
-25566
-25674
-25780
-25886
-25990
-26094
-26196
-26298
-26398
-26498
-26598
-26696
-26792
-26888
-26984
-27078
-27172
-27264
-27356
-27446
-27536
-27626
-27714
-27802
-27888
-27974
-28058
-28142
-28224
-28306
-28388
-28468
-28548
-28628
-28706
-28782
-28858
-28934
-29010
-29084
-29156
-29228
-29300
-29370
-29440
-29510
-29578
-29646
-29712
-29778
-29844
-29908
-29972
-30034
-30096
-30158
-30218
-30278
-30338
-30396
-30454
-30510
-30566
-30622
-30676
-30730
-30784
-30836
-30888
-30938
-30988
-31038
-31086
-31134
-31182
-31228
-31274
-31320
-31364
-31408
-31450
-31492
-31534
-31576
-31616
-31654
-31694
-31732
-31768
-31806
-31840
-31876
-31910
-31944
-31978
-32010
-32042
-32072
-32102
-32132
-32162
-32190
-32218
-32244
-32270
-32296
-32320
-32344
-32368
-32392
-32414
-32434
-32456
-32476
-32494
-32514
-32532
-32550
-32566
-32582
-32598
-32612
-32626
-32640
-32652
-32664
-32676
-32686
-32696
-32706
-32714
-32722
-32730
-32736
-32742
-32748
-32752
-32756
-32760
-32762
-32764
-32766
-32766
-32766
-32766
-32764
-32762
-32760
-32756
-32752
-32748
-32742
-32736
-32730
-32722
-32714
-32706
-32696
-32686
-32676
-32664
-32652
-32640
-32626
-32612
-32598
-32582
-32566
-32550
-32532
-32514
-32494
-32476
-32456
-32434
-32414
-32392
-32368
-32344
-32320
-32296
-32270
-32244
-32218
-32190
-32162
-32132
-32102
-32072
-32042
-32010
-31978
-31944
-31910
-31876
-31840
-31806
-31768
-31732
-31694
-31654
-31616
-31576
-31534
-31492
-31450
-31408
-31364
-31320
-31274
-31228
-31182
-31134
-31086
-31038
-30988
-30938
-30888
-30836
-30784
-30730
-30676
-30622
-30566
-30510
-30454
-30396
-30338
-30278
-30218
-30158
-30096
-30034
-29972
-29908
-29844
-29778
-29712
-29646
-29578
-29510
-29440
-29370
-29300
-29228
-29156
-29084
-29010
-28934
-28858
-28782
-28706
-28628
-28548
-28468
-28388
-28306
-28224
-28142
-28058
-27974
-27888
-27802
-27714
-27626
-27536
-27446
-27356
-27264
-27172
-27078
-26984
-26888
-26792
-26696
-26598
-26498
-26398
-26298
-26196
-26094
-25990
-25886
-25780
-25674
-25566
-25458
-25348
-25238
-25128
-25016
-24902
-24788
-24672
-24556
-24438
-24320
-24202
-24080
-23960
-23836
-23714
-23588
-23462
-23336
-23208
-23080
-22950
-22818
-22686
-22552
-22418
-22282
-22146
-22008
-21868
-21728
-21586
-21444
-21300
-21154
-21008
-20860
-20712
-20562
-20410
-20258
-20104
-19948
-19792
-19634
-19476
-19316
-19154
-18990
-18826
-18660
-18492
-18324
-18154
-17982
-17810
-17636
-17460
-17282
-17104
-16924
-16742
-16558
-16374
-16188
-16000
-15810
-15618
-15426
-15230
-15034
-14836
-14638
-14436
-14234
-14028
-13822
-13614
-13404
-13192
-12978
-12762
-12546
-12326
-12104
-11882
-11656
-11430
-11200
-10968
-10736
-10500
-10262
-10022
-9780
-9536
-9290
-9042
-8792
-8538
-8282
-8024
-7764
-7502
-7236
-6968
-6698
-6426
-6150
-5872
-5590
-5308
-5020
-4732
-4440
-4144
-3846
-3546
-3242
-2934
-2624
-2312
-1994
-1674
-1352
-1024
-694
-362
-24
318
662
1010
1362
1718
2080
2444
2812
3184
3562
3944
4330
4720
5114
5514
5920
6330
6744
7164
7590
8020
8458
8900
9348
9802
10262
10728
11200
11680
12166
12658
13158
13664
14180
14702
15232
15770
16316
16872
17436
18008
18590
19182
19784
20396
21018
21652
22298
22954
23622
24304
24998
25704
26426
27162
27914
28680
29462
30262
31080
31916
-32760
-31886
-30990
-30070
-29130
-28164
-27172
-26154
-25106
-24030
-22920
-21778
-20600
-19386
-18130
-16830
-15484
-14090
-12642
-11136
-9570
-7936
-6228
-4440
-2564
-590
1490
3690
6022
8508
11166
14022
17108
20464
24142
28208
32758
-27614
-21654
-14600
-5960
5186
0
0
0
0
0
0
0
0
0
0
0
0
0
0
0
0
0
0
0
0
0
0
0
0
0
0
0
0
0
0
0
0
0
0
0
0
0
0
0
0
0
0
0
0
0
0
0
0
0
0
0
0
0
0
0
0
0
0
0
0
0
0
0
0
0
0
0
0
0
0
0
0
0
0
0
0
0
0
0
0
0
0
0
0
0
0
0
0
0
0
0
0
0
0
0
0
0
0
0
0
0
0
0
0
0
0
0
0
0
0
0
0
0
0
0
0
0
0
0
0
0
0
0
0
0
0
0
0
0
0
0
0
0
0
0
0
0
0
0
0
0
0
0
0
0
0
0
0
0
0
0
0
0
0
0
0
0
0
0
0
0
0
0
0
0
0
0
0
0
0
0
0
0
0
0
0
0
0
0
0
0
0
0
0
0
0
0
0
0
0
0
0
0
0
0
0
0
0
0
0
0
0
0
0
0
0
0
0
0
0
0
0
0
0
0
0
0
0
0
0
0
0
0
0
0
0
0
0
0
0
0
0
0
0
0
0
0
0
0
0
0
0
0
0
0
0
0
0
0
0
0
0
0
0
0
0
0
0
0
0
0
0
0
0
0
0
0
0
0
0
0
0
0
0
0
0
0
0
0
0
0
0
0
0
0
0
0
0
0
0
0
0
0
0
0
0
0
0
0
0
0
0
0
0
0
0
0
0
0
0
0
0
0
0
0
0
0
0
0
0
0
0
0
0
0
0
0
0
0
0
0
0
0
0
0
0
0
0
0
0
0
0
0
0
0
0
0
0
0
0
0
0
0
0
0
0
0
0
0
0
0
0
0
0
0
0
0
0
0
0
0
0
0
0
0
0
0
0
0
0
0
0
0
0
0
0
0
0
0
0
0
0
0
0
0
0
0
0
0
0
0
0
0
0
0
0
0
0
0
0
0
0
0
0
0
0
0
0
0
0
0
0
0
0
0
0
0
0
0
0
0
0
0
0
0
0
0
0
0
0
0
0
0
0
0
0
0
0
0
0
0
0
0
0
0
0
0
0
0
0
0
0
0
0
0
0
0
0
0
0
0
0
0
0
0
0
0
0
0
0
0
0
0
0
0
0
0
0
0
0
0
0
0
0
0
0
0
0
0
0
0
0
0
0
0
0
0
0
0
0
0
0
0
0
0
0
0
0
0
0
0
0
0
0
0
0
0
0
0
0
0
0
0
0
0
0
0
0
0
0
0
0
0
0
0
0
0
0
0
0
0
0
0
0
0
0
0
0
0
0
0
0
0
0
0
0
0
0
0
0
0
0
0
0
0
0
0
0
0
0
0
0
0
0
0
0
0
0
0
0
0
0
0
0
0
0
0
0
0
0
0
0
0
0
0
0
0
0
0
0
0
0
0
0
0
0
0
0
0
0
0
0
0
0
0
0
0
0
0
0
0
0
0
0
0
0
0
0
0
0
0
0
0
0
0
0
0
0
0
0
0
0
0
0
0
0
0
0
0
0
0
0
0
0
0
0
0
0
0
0
0
0
0
0
0
0
0
0
0
0
0
0
0
0
0
0
0
0
0
0
0
0
0
0
0
0
0
0
0
0
0
0
0
0
0
0
0
0
0
0
0
0
0
0
0
0
0
0
0
0
0
0
0
0
0
0
0
0
0
0
0
0
0
0
0
0
0
0
0
0
0
0
0
0
0
0
0
0
0
0
0
0
0
0
0
0
0
0
0
0
0
0
0
0
0
0
0
0
0
0
0
0
0
0
0
-27580
26806
18166
11112
5152
-8
-4558
-8624
-12302
-15658
-18744
-21600
-24258
-26744
-29076
-31276
32176
30202
28326
26538
24830
23196
21630
20124
18676
17282
15936
14636
13380
12166
10988
9846
8736
7660
6612
5594
4602
3636
2696
1776
880
6
-850
-1686
-2504
-3304
-4086
-4852
-5604
-6340
-7062
-7768
-8462
-9144
-9812
-10468
-11114
-11748
-12370
-12982
-13584
-14176
-14758
-15330
-15894
-16450
-16996
-17534
-18064
-18586
-19102
-19608
-20108
-20600
-21086
-21566
-22038
-22504
-22964
-23418
-23866
-24308
-24746
-25176
-25602
-26022
-26436
-26846
-27252
-27652
-28046
-28436
-28822
-29204
-29582
-29954
-30322
-30686
-31048
-31404
-31756
-32104
-32448
32742
32404
32072
31742
31414
31092
30772
30454
30142
29832
29524
29220
28920
28622
28326
28034
27746
27458
27176
26894
26616
26340
26068
25798
25530
25264
25002
24742
24484
24228
23974
23724
23476
23230
22986
22744
22504
22266
22030
21798
21566
21336
21110
20884
20662
20440
20220
20004
19788
19574
19362
19152
18944
18738
18532
18330
18128
17930
17732
17536
17340
17148
16956
16766
16578
16392
16208
16024
15842
15662
15484
15306
15130
14956
14784
14612
14442
14274
14106
13940
13776
13612
13450
13290
13132
12974
12818
12662
12508
12356
12204
12054
11906
11758
11612
11466
11322
11180
11038
10898
10758
10620
10484
10348
10214
10080
9948
9816
9686
9558
9430
9304
9178
9052
8930
8806
8686
8564
8446
8328
8210
8094
7978
7864
7750
7638
7528
7418
7308
7200
7092
6986
6880
6776
6672
6570
6468
6368
6268
6168
6070
5974
5878
5782
5688
5594
5502
5410
5320
5230
5140
5052
4964
4878
4792
4708
4624
4542
4460
4378
4298
4218
4138
4060
3984
3908
3832
3756
3682
3610
3538
3466
3396
3326
3256
3188
3120
3054
2988
2922
2858
2794
2732
2670
2608
2548
2488
2428
2370
2312
2256
2200
2144
2090
2036
1982
1930
1878
1828
1778
1728
1680
1632
1584
1538
1492
1446
1402
1358
1316
1274
1232
1190
1150
1112
1072
1034
998
960
926
890
856
822
788
756
724
694
664
634
604
576
548
522
496
470
446
422
398
374
352
332
310
290
272
252
234
216
200
184
168
154
140
126
114
102
90
80
70
60
52
44
36
30
24
18
14
10
6
4
2
0
0
0
0
0
0
0
0
0
0
0
0
0
0
0
0
0
0
0
0
0
0
0
0
0
0
0
0
0
0
0
0
0
0
0
0
0
0
0
0
0
0
0
0
0
0
0
0
0
0
0
0
0
0
0
0
0
0
0
0
0
0
0
0
0
0
0
0
0
0
0
0
0
0
0
0
0
0
0
0
0
0
0
0
0
0
0
0
0
0
0
0
0
0
0
0
0
0
0
0
0
0
0
0
0
0
0
0
0
0
0
0
0
0
0
0
0
0
0
0
0
0
0
0
0
0
0
0
0
0
0
0
0
0
0
0
0
0
0
0
0
0
0
0
0
0
0
0
0
0
0
0
0
0
0
0
0
0
0
0
0
0
0
0
0
0
0
0
0
0
0
0
0
0
0
0
0
0
0
0
0
0
0
0
0
0
0
0
0
0
0
0
0
0
0
0
0
0
0
0
0
0
0
0
0
0
0
0
0
0
0
0
0
0
0
0
0
0
0
0
0
0
0
0
0
0
0
0
0
0
0
0
0
0
0
0
0
0
0
0
0
0
0
0
0
0
0
0
0
0
0
0
0
0
0
0
0
0
0
0
0
0
0
0
0
0
0
0
0
0
0
0
0
0
0
0
0
0
0
0
0
0
0
0
0
0
0
0
0
0
0
0
0
0
0
0
0
0
0
0
0
0
0
0
0
0
0
0
0
0
0
0
0
0
0
0
0
0
0
0
0
0
0
0
0
0
0
0
0
0
0
0
0
0
0
0
0
0
0
0
0
0
0
0
0
0
0
0
0
0
0
0
0
0
0
0
0
0
0
0
0
0
0
0
0
0
0
0
0
0
0
0
0
0
0
0
0
0
0
0
0
0
0
0
0
0
0
0
0
0
0
0
0
0
0
0
0
0
0
0
0
0
0
0
0
0
0
0
0
0
0
0
0
0
0
0
0
0
0
0
0
0
0
0
0
0
0
0
0
0
0
0
0
0
0
0
0
0
0
0
0
0
0
0
0
0
0
0
0
0
0
0
0
0
0
0
0
0
0
0
0
0
0
0
0
0
0
0
0
0
0
0
0
0
0
0
0
0
0
0
0
0
0
0
0
0
0
0
0
0
0
0
0
0
0
0
0
0
0
0
0
0
0
0
0
0
0
0
0
0
0
0
0
0
0
0
0
0
0
0
0
0
0
0
0
0
0
0
0
0
0
0
0
0
0
0
0
0
0
0
0
0
0
0
0
0
0
0
0
0
0
0
0
0
0
0
0
0
0
0
0
0
0
0
0
0
0
0
0
0
0
0
0
0
0
0
0
0
0
0
0
0
0
0
0
0
0
0
0
0
0
0
0
0
0
0
0
0
0
0
0
0
0
0
0
0
0
0
0
0
0
0
0
0
0
0
0
0
0
0
0
0
0
0
0
0
0
0
0
0
0
0
0
0
0
0
0
0
0
0
0
0
0
0
0
0
0
0
0
0
0
0
0
0
0
0
0
0
0
0
0
0
0
0
0
0
0
0
0
0
0
0
0
0
0
0
0
0
0
0
0
0
0
0
0
0
0
0
0
0
0
0
0
0
0
0
0
0
0
0
0
0
0
0
0
0
0
0
0
0
0
0
0
0
0
0
0
0
0
0
0
0
0
0
0
0
0
0
0
0
0
0
0
0
0
0
0
0
0
0
0
0
0
0
0
0
0
0
0
0
0
0
