0
0
0
0
0
0
0
0
0
0
0
0
0
0
0
0
0
0
0
0
0
0
0
0
0
0
0
0
0
0
0
0
0
0
0
0
0
0
0
0
0
0
0
0
0
0
0
0
0
0
0
0
0
0
0
0
0
0
0
0
0
0
0
0
0
0
0
0
0
0
0
0
0
0
0
0
0
0
0
0
0
0
0
0
328
768
1206
1644
2082
2520
2958
3398
3836
4274
4712
5150
5588
6028
6466
6904
7342
7780
8218
8658
9096
9534
9972
10410
10848
11288
11726
12164
12602
13040
13478
13918
14356
14794
15232
15670
16110
16548
16986
17424
17862
18300
18740
19178
19616
20054
20492
20930
21370
21808
22246
22684
23122
23560
24000
24438
24876
25314
25752
26190
26630
27068
27506
27944
28382
28820
29260
29698
30136
30574
31012
31450
31890
32328
32766
32438
31998
31560
31122
30684
30246
29808
29368
28930
28492
28054
27616
27178
26738
26300
25862
25424
24986
24548
24108
23670
23232
22794
22356
21918
21478
21040
20602
20164
19726
19288
18848
18410
17972
17534
17096
16656
16218
15780
15342
14904
14466
14026
13588
13150
12712
12274
11836
11396
10958
10520
10082
9644
9206
8766
8328
7890
7452
7014
6576
6136
5698
5260
4822
4384
3946
3506
3068
2630
2192
1754
1316
876
438
0
0
0
0
0
0
0
0
0
0
0
0
0
0
0
0
0
0
0
0
0
0
0
0
0
0
0
0
0
0
0
0
0
0
0
0
0
0
0
0
0
0
0
0
0
0
0
0
0
0
0
0
0
0
0
0
0
0
0
0
0
0
0
0
0
0
0
0
0
0
0
0
0
0
0
0
0
0
0
0
0
0
0
0
0
0
0
0
0
0
0
0
0
0
0
0
0
0
0
0
0
0
0
0
0
0
0
0
0
0
0
0
0
0
0
0
0
0
0
0
0
0
0
0
0
0
0
0
0
0
0
0
0
0
0
0
0
0
0
0
0
0
0
0
0
0
0
0
0
0
0
0
0
0
0
0
0
0
0
0
0
0
0
0
0
0
0
0
0
0
0
0
0
0
0
0
0
0
0
0
0
0
0
0
0
0
0
0
0
0
0
0
0
0
0
0
0
0
0
0
0
0
0
0
0
0
0
0
0
0
0
0
0
0
0
0
0
0
0
0
0
0
0
0
0
0
0
0
0
0
0
0
0
0
0
0
0
0
0
0
0
0
0
0
0
0
0
0
0
0
0
0
0
0
0
0
0
0
0
0
0
0
0
0
0
0
0
0
0
0
0
0
0
0
0
0
0
0
0
0
0
0
0
0
0
0
0
0
0
0
0
0
0
0
0
0
0
0
0
0
0
0
0
0
0
0
0
0
0
0
0
0
0
0
0
0
0
0
0
0
0
0
0
0
0
0
0
0
0
0
0
0
0
0
0
0
0
0
0
0
0
0
0
0
0
0
0
0
0
0
0
0
0
0
0
0
0
0
0
0
0
0
0
0
0
0
0
0
0
0
0
0
0
0
0
0
-328
-768
-1206
-1644
-2082
-2520
-2958
-3398
-3836
-4274
-4712
-5150
-5588
-6028
-6466
-6904
-7342
-7780
-8218
-8658
-9096
-9534
-9972
-10410
-10848
-11288
-11726
-12164
-12602
-13040
-13478
-13918
-14356
-14794
-15232
-15670
-16110
-16548
-16986
-17424
-17862
-18300
-18740
-19178
-19616
-20054
-20492
-20930
-21370
-21808
-22246
-22684
-23122
-23560
-24000
-24438
-24876
-25314
-25752
-26190
-26630
-27068
-27506
-27944
-28382
-28820
-29260
-29698
-30136
-30574
-31012
-31450
-31890
-32328
-32766
-32438
-31998
-31560
-31122
-30684
-30246
-29808
-29368
-28930
-28492
-28054
-27616
-27178
-26738
-26300
-25862
-25424
-24986
-24548
-24108
-23670
-23232
-22794
-22356
-21918
-21478
-21040
-20602
-20164
-19726
-19288
-18848
-18410
-17972
-17534
-17096
-16656
-16218
-15780
-15342
-14904
-14466
-14026
-13588
-13150
-12712
-12274
-11836
-11396
-10958
-10520
-10082
-9644
-9206
-8766
-8328
-7890
-7452
-7014
-6576
-6136
-5698
-5260
-4822
-4384
-3946
-3506
-3068
-2630
-2192
-1754
-1316
-876
-438
0
0
0
0
0
0
0
0
0
0
0
0
0
0
0
0
0
0
0
0
0
0
0
0
0
0
0
0
0
0
0
0
0
0
0
0
0
0
0
0
0
0
0
0
0
0
0
0
0
0
0
0
0
0
0
0
0
0
0
0
0
0
0
0
0
0
0
0
0
0
0
0
0
0
0
0
0
0
0
0
0
0
0
0
0
0
0
0
0
0
0
0
0
0
0
0
0
0
0
0
0
0
0
0
0
0
0
0
0
0
0
0
0
0
0
0
0
0
0
0
0
0
0
0
0
0
328
768
1206
1644
2082
2520
2958
3398
3836
4274
4712
5150
5588
6028
6466
6904
7342
7780
8218
8658
9096
9534
9972
10410
10848
11288
11726
12164
12602
13040
13478
13918
14356
14794
15232
15670
16110
16548
16986
17424
17862
18300
18740
19178
19616
20054
20492
20930
21370
21808
22246
22684
23122
23560
24000
24438
24876
25314
25752
26190
26630
27068
27506
27944
28382
28820
29260
29698
30136
30574
31012
31450
31890
32328
32766
32438
31998
31560
31122
30684
30246
29808
29368
28930
28492
28054
27616
27178
26738
26300
25862
25424
24986
24548
24108
23670
23232
22794
22356
21918
21478
21040
20602
20164
19726
19288
18848
18410
17972
17534
17096
16656
16218
15780
15342
14904
14466
14026
13588
13150
12712
12274
11836
11396
10958
10520
10082
9644
9206
8766
8328
7890
7452
7014
6576
6136
5698
5260
4822
4384
3946
3506
3068
2630
2192
1754
1316
876
438
0
0
0
0
0
0
0
0
0
0
0
0
0
0
0
0
0
0
0
0
0
0
0
0
0
0
0
0
0
0
0
0
0
0
0
0
0
0
0
0
0
0
0
0
0
0
0
0
0
0
0
0
0
0
0
0
0
0
0
0
0
0
0
0
0
0
0
0
0
0
0
0
0
0
0
0
0
0
0
0
0
0
0
0
0
0
0
0
0
0
0
0
0
0
0
0
0
0
0
0
0
0
0
0
0
0
0
0
0
0
0
0
0
0
0
0
0
0
0
0
0
0
0
0
0
0
0
0
0
0
0
0
0
0
0
0
0
0
0
0
0
0
0
0
0
0
0
0
0
0
0
0
0
0
0
0
0
0
0
0
0
0
0
0
0
0
0
0
0
0
0
0
0
0
0
0
0
0
0
0
0
0
0
0
0
0
0
0
0
0
0
0
0
0
0
0
0
0
0
0
0
0
0
0
0
0
0
0
0
0
0
0
0
0
0
0
0
0
0
0
0
0
0
0
0
0
0
0
0
0
0
0
0
0
0
0
0
0
0
0
0
0
0
0
0
0
0
0
0
0
0
0
0
0
0
0
0
0
0
0
0
0
0
0
0
0
0
0
0
0
0
0
0
0
0
0
0
0
0
0
0
0
0
0
0
0
0
0
0
0
0
0
0
0
0
0
0
0
0
0
0
0
0
0
0
0
0
0
0
0
0
0
0
0
0
0
0
0
0
0
0
0
0
0
0
0
0
0
0
0
0
0
0
0
0
0
0
0
0
0
0
0
0
0
0
0
0
0
0
0
0
0
0
0
0
0
0
0
0
0
0
0
0
0
0
0
0
0
0
0
0
0
0
0
0
0
-328
-768
-1206
-1644
-2082
-2520
-2958
-3398
-3836
-4274
-4712
-5150
-5588
-6028
-6466
-6904
-7342
-7780
-8218
-8658
-9096
-9534
-9972
-10410
-10848
-11288
-11726
-12164
-12602
-13040
-13478
-13918
-14356
-14794
-15232
-15670
-16110
-16548
-16986
-17424
-17862
-18300
-18740
-19178
-19616
-20054
-20492
-20930
-21370
-21808
-22246
-22684
-23122
-23560
-24000
-24438
-24876
-25314
-25752
-26190
-26630
-27068
-27506
-27944
-28382
-28820
-29260
-29698
-30136
-30574
-31012
-31450
-31890
-32328
-32766
-32438
-31998
-31560
-31122
-30684
-30246
-29808
-29368
-28930
-28492
-28054
-27616
-27178
-26738
-26300
-25862
-25424
-24986
-24548
-24108
-23670
-23232
-22794
-22356
-21918
-21478
-21040
-20602
-20164
-19726
-19288
-18848
-18410
-17972
-17534
-17096
-16656
-16218
-15780
-15342
-14904
-14466
-14026
-13588
-13150
-12712
-12274
-11836
-11396
-10958
-10520
-10082
-9644
-9206
-8766
-8328
-7890
-7452
-7014
-6576
-6136
-5698
-5260
-4822
-4384
-3946
-3506
-3068
-2630
-2192
-1754
-1316
-876
-438
0
0
0
0
0
0
0
0
0
0
0
0
0
0
0
0
0
0
0
0
0
0
0
0
0
0
0
0
0
0
0
0
0
0
0
0
0
0
0
0
0
0
0
0
0
0
0
0
0
0
0
0
0
0
0
0
0
0
0
0
0
0
0
0
0
0
0
0
0
0
0
0
0
0
0
0
0
0
0
0
0
0
0
0
0
0
0
0
0
0
0
0
0
0
0
0
0
0
0
0
0
0
0
0
0
0
0
0
0
0
0
0
0
0
0
0
0
0
0
0
0
0
0
0
0
0
0
0
0
0
0
0
0
0
0
0
0
0
0
0
0
0
0
0
0
0
0
0
0
0
0
0
0
0
0
0
0
0
0
0
0
0
0
0
0
0
0
0
0
0
0
0
0
0
0
0
0
0
0
0
0
0
0
0
0
0
0
0
0
0
0
0
0
0
0
0
0
0
0
0
0
0
0
0
0
0
0
0
0
220
658
1096
1534
1972
2410
2850
3288
3726
4164
4602
5040
5480
5918
6356
6794
7232
7670
8110
8548
8986
9424
9862
10302
10740
11178
11616
12054
12492
12932
13370
13808
14246
14684
15122
15562
16000
16438
16876
17314
17752
18192
18630
19068
19506
19944
20382
20822
21260
21698
22136
22574
23012
23452
23890
24328
24766
25204
25642
26082
26520
26958
27396
27834
28274
28712
29150
29588
30026
30464
30904
31342
31780
32218
32656
32546
32108
31670
31232
30794
30356
29916
29478
29040
28602
28164
27726
27286
26848
26410
25972
25534
25096
24656
24218
23780
23342
22904
22464
22026
21588
21150
20712
20274
19834
19396
18958
18520
18082
17644
17204
16766
16328
15890
15452
15014
14574
14136
13698
13260
12822
12384
11944
11506
11068
10630
10192
9754
9314
8876
8438
8000
7562
7124
6684
6246
5808
5370
4932
4492
4054
3616
3178
2740
2302
1862
1424
986
548
110
0
0
0
0
0
0
0
0
0
0
0
0
0
0
0
0
0
0
0
0
0
0
0
0
0
0
0
0
0
0
0
0
0
0
0
0
0
0
0
0
0
0
0
0
0
0
0
0
0
0
0
0
0
0
0
0
0
0
0
0
0
0
0
0
0
0
0
0
0
0
0
0
0
0
0
0
0
0
0
0
0
0
0
0
0
0
0
0
0
0
0
0
0
0
0
0
0
0
0
0
0
0
0
0
0
0
0
0
0
0
0
0
0
0
0
0
0
0
0
0
0
0
0
0
0
0
0
0
0
0
0
0
0
0
0
0
0
0
0
0
0
0
0
0
0
0
0
0
0
0
0
0
0
0
0
0
0
0
0
0
0
0
0
0
0
0
0
0
0
0
0
0
0
0
0
0
0
0
0
0
0
0
0
0
0
0
0
0
0
0
0
0
0
0
0
0
0
0
0
0
0
0
0
0
0
0
0
0
0
0
0
0
0
0
0
0
0
0
0
0
0
0
0
0
0
0
0
0
0
0
0
0
0
0
0
0
0
0
0
0
0
0
0
0
0
0
0
0
0
0
0
0
0
0
0
0
0
0
0
0
0
0
0
0
0
0
0
0
0
0
0
0
0
0
0
0
0
0
0
0
0
0
0
0
0
0
0
0
0
0
0
0
0
0
0
0
0
0
0
0
0
0
0
0
0
0
0
0
0
0
0
0
0
0
0
0
0
0
0
0
0
0
0
0
0
0
0
0
0
0
0
0
0
0
0
0
0
0
0
0
0
0
0
0
0
0
0
0
0
0
0
0
0
0
0
0
0
0
0
0
0
0
0
0
0
0
0
0
0
0
0
0
0
0
0
-220
-658
-1096
-1534
-1972
-2410
-2850
-3288
-3726
-4164
-4602
-5040
-5480
-5918
-6356
-6794
-7232
-7670
-8110
-8548
-8986
-9424
-9862
-10302
-10740
-11178
-11616
-12054
-12492
-12932
-13370
-13808
-14246
-14684
-15122
-15562
-16000
-16438
-16876
-17314
-17752
-18192
-18630
-19068
-19506
-19944
-20382
-20822
-21260
-21698
-22136
-22574
-23012
-23452
-23890
-24328
-24766
-25204
-25642
-26082
-26520
-26958
-27396
-27834
-28274
-28712
-29150
-29588
-30026
-30464
-30904
-31342
-31780
-32218
-32656
-32546
-32108
-31670
-31232
-30794
-30356
-29916
-29478
-29040
-28602
-28164
-27726
-27286
-26848
-26410
-25972
-25534
-25096
-24656
-24218
-23780
-23342
-22904
-22464
-22026
-21588
-21150
-20712
-20274
-19834
-19396
-18958
-18520
-18082
-17644
-17204
-16766
-16328
-15890
-15452
-15014
-14574
-14136
-13698
-13260
-12822
-12384
-11944
-11506
-11068
-10630
-10192
-9754
-9314
-8876
-8438
-8000
-7562
-7124
-6684
-6246
-5808
-5370
-4932
-4492
-4054
-3616
-3178
-2740
-2302
-1862
-1424
-986
-548
-110
0
0
0
0
0
0
0
0
0
0
0
0
0
0
0
0
0
0
0
0
0
0
0
0
0
0
0
0
0
0
0
0
0
0
0
0
0
0
0
0
0
0
0
0
0
0
0
0
0
0
0
0
0
0
0
0
0
0
0
0
0
0
0
0
0
0
0
0
0
0
0
0
0
0
0
0
0
0
0
0
0
0
0
0
0
0
0
0
0
0
0
0
0
0
0
0
0
0
0
0
0
0
0
0
0
0
0
0
0
0
0
0
0
0
0
0
0
0
0
0
0
0
0
0
0
220
658
1096
1534
1972
2410
2850
3288
3726
4164
4602
5040
5480
5918
6356
6794
7232
7670
8110
8548
8986
9424
9862
10302
10740
11178
11616
12054
12492
12932
13370
13808
14246
14684
15122
15562
16000
16438
16876
17314
17752
18192
18630
19068
19506
19944
20382
20822
21260
21698
22136
22574
23012
23452
23890
24328
24766
25204
25642
26082
26520
26958
27396
27834
28274
28712
29150
29588
30026
30464
30904
31342
31780
32218
32656
32546
32108
31670
31232
30794
30356
29916
29478
29040
28602
28164
27726
27286
26848
26410
25972
25534
25096
24656
24218
23780
23342
22904
22464
22026
21588
21150
20712
20274
19834
19396
18958
18520
18082
17644
17204
16766
16328
15890
15452
15014
14574
14136
13698
13260
12822
12384
11944
11506
11068
10630
10192
9754
9314
8876
8438
8000
7562
7124
6684
6246
5808
5370
4932
4492
4054
3616
3178
2740
2302
1862
1424
986
548
110
0
0
0
0
0
0
0
0
0
0
0
0
0
0
0
0
0
0
0
0
0
0
0
0
0
0
0
0
0
0
0
0
0
0
0
0
0
0
0
0
0
0
0
0
0
0
0
0
0
0
0
0
0
0
0
0
0
0
0
0
0
0
0
0
0
0
0
0
0
0
0
0
0
0
0
0
0
0
0
0
0
0
0
0
0
0
0
0
0
0
0
0
0
0
0
0
0
0
0
0
0
0
0
0
0
0
0
0
0
0
0
0
0
0
0
0
0
0
0
0
0
0
0
0
0
0
0
0
0
0
0
0
0
0
0
0
0
0
0
0
0
0
0
0
0
0
0
0
0
0
0
0
0
0
0
0
0
0
0
0
0
0
0
0
0
0
0
0
0
0
0
0
0
0
0
0
0
0
0
0
0
0
0
0
0
0
0
0
0
0
0
0
0
0
0
0
0
0
0
0
0
0
0
0
0
0
0
0
0
0
0
0
0
0
0
0
0
0
0
0
0
0
0
0
0
0
0
0
0
0
0
0
0
0
0
0
0
0
0
0
0
0
0
0
0
0
0
0
0
0
0
0
0
0
0
0
0
0
0
0
0
0
0
0
0
0
0
0
0
0
0
0
0
0
0
0
0
0
0
0
0
0
0
0
0
0
0
0
0
0
0
0
0
0
0
0
0
0
0
0
0
0
0
0
0
0
0
0
0
0
0
0
0
0
0
0
0
0
0
0
0
0
0
0
0
0
0
0
0
0
0
0
0
0
0
0
0
0
0
0
0
0
0
0
0
0
0
0
0
0
0
0
0
0
0
0
0
0
0
0
0
0
0
0
0
0
0
0
0
0
0
0
0
0
0
-220
-658
-1096
-1534
-1972
-2410
-2850
-3288
-3726
-4164
-4602
-5040
-5480
-5918
-6356
-6794
-7232
-7670
-8110
-8548
-8986
-9424
-9862
-10302
-10740
-11178
-11616
-12054
-12492
-12932
-13370
-13808
-14246
-14684
-15122
-15562
-16000
-16438
-16876
-17314
-17752
-18192
-18630
-19068
-19506
-19944
-20382
-20822
-21260
-21698
-22136
-22574
-23012
-23452
-23890
-24328
-24766
-25204
-25642
-26082
-26520
-26958
-27396
-27834
-28274
-28712
-29150
-29588
-30026
-30464
-30904
-31342
-31780
-32218
-32656
-32546
-32108
-31670
-31232
-30794
-30356
-29916
-29478
-29040
-28602
-28164
-27726
-27286
-26848
-26410
-25972
-25534
-25096
-24656
-24218
-23780
-23342
-22904
-22464
-22026
-21588
-21150
-20712
-20274
-19834
-19396
-18958
-18520
-18082
-17644
-17204
-16766
-16328
-15890
-15452
-15014
-14574
-14136
-13698
-13260
-12822
-12384
-11944
-11506
-11068
-10630
-10192
-9754
-9314
-8876
-8438
-8000
-7562
-7124
-6684
-6246
-5808
-5370
-4932
-4492
-4054
-3616
-3178
-2740
-2302
-1862
-1424
-986
-548
-110
0
0
0
0
0
0
0
0
0
0
0
0
0
0
0
0
0
0
0
0
0
0
0
0
0
0
0
0
0
0
0
0
0
0
0
0
0
0
0
0
0
0
0
0
0
0
0
0
0
0
0
0
0
0
0
0
0
0
0
0
0
0
0
0
0
0
0
0
0
0
0
0
0
0
0
0
0
0
0
0
0
0
0
0
0
0
0
0
0
0
0
0
0
0
0
0
0
0
0
0
0
0
0
0
0
0
0
0
0
0
0
0
0
0
0
0
0
0
0
0
0
0
0
0
0
0
0
0
0
0
0
0
0
0
0
0
0
0
0
0
0
0
0
0
0
0
0
0
0
0
0
0
0
0
0
0
0
0
0
0
0
0
0
0
0
0
0
0
0
0
0
0
0
0
0
0
0
0
0
0
0
0
0
0
0
0
0
0
0
0
0
0
0
0
0
0
0
0
0
0
0
0
0
0
0
0
0
0
110
548
986
1424
1862
2302
2740
3178
3616
4054
4492
4932
5370
5808
6246
6684
7124
7562
8000
8438
8876
9314
9754
10192
10630
11068
11506
11944
12384
12822
13260
13698
14136
14574
15014
15452
15890
16328
16766
17204
17644
18082
18520
18958
19396
19834
20274
20712
21150
21588
22026
22464
22904
23342
23780
24218
24656
25096
25534
25972
26410
26848
27286
27726
28164
28602
29040
29478
29916
30356
30794
31232
31670
32108
32546
32656
32218
31780
31342
30904
30464
30026
29588
29150
28712
28274
27834
27396
26958
26520
26082
25642
25204
24766
24328
23890
23452
23012
22574
22136
21698
21260
20822
20382
19944
19506
19068
18630
18192
17752
17314
16876
16438
16000
15562
15122
14684
14246
13808
13370
12932
12492
12054
11616
11178
10740
10302
9862
9424
8986
8548
8110
7670
7232
6794
6356
5918
5480
5040
4602
4164
3726
3288
2850
2410
1972
1534
1096
658
220
0
0
0
0
0
0
0
0
0
0
0
0
0
0
0
0
0
0
0
0
0
0
0
0
0
0
0
0
0
0
0
0
0
0
0
0
0
0
0
0
0
0
0
0
0
0
0
0
0
0
0
0
0
0
0
0
0
0
0
0
0
0
0
0
0
0
0
0
0
0
0
0
0
0
0
0
0
0
0
0
0
0
0
0
0
0
0
0
0
0
0
0
0
0
0
0
0
0
0
0
0
0
0
0
0
0
0
0
0
0
0
0
0
0
0
0
0
0
0
0
0
0
0
0
0
0
0
0
0
0
0
0
0
0
0
0
0
0
0
0
0
0
0
0
0
0
0
0
0
0
0
0
0
0
0
0
0
0
0
0
0
0
0
0
0
0
0
0
0
0
0
0
0
0
0
0
0
0
0
0
0
0
0
0
0
0
0
0
0
0
0
0
0
0
0
0
0
0
0
0
0
0
0
0
0
0
0
0
0
0
0
0
0
0
0
0
0
0
0
0
0
0
0
0
0
0
0
0
0
0
0
0
0
0
0
0
0
0
0
0
0
0
0
0
0
0
0
0
0
0
0
0
0
0
0
0
0
0
0
0
0
0
0
0
0
0
0
0
0
0
0
0
0
0
0
0
0
0
0
0
0
0
0
0
0
0
0
0
0
0
0
0
0
0
0
0
0
0
0
0
0
0
0
0
0
0
0
0
0
0
0
0
0
0
0
0
0
0
0
0
0
0
0
0
0
0
0
0
0
0
0
0
0
0
0
0
0
0
0
0
0
0
0
0
0
0
0
0
0
0
0
0
0
0
0
0
0
0
0
0
0
0
0
0
0
0
0
0
0
0
0
0
0
0
0
-110
-548
-986
-1424
-1862
-2302
-2740
-3178
-3616
-4054
-4492
-4932
-5370
-5808
-6246
-6684
-7124
-7562
-8000
-8438
-8876
-9314
-9754
-10192
-10630
-11068
-11506
-11944
-12384
-12822
-13260
-13698
-14136
-14574
-15014
-15452
-15890
-16328
-16766
-17204
-17644
-18082
-18520
-18958
-19396
-19834
-20274
-20712
-21150
-21588
-22026
-22464
-22904
-23342
-23780
-24218
-24656
-25096
-25534
-25972
-26410
-26848
-27286
-27726
-28164
-28602
-29040
-29478
-29916
-30356
-30794
-31232
-31670
-32108
-32546
-32656
-32218
-31780
-31342
-30904
-30464
-30026
-29588
-29150
-28712
-28274
-27834
-27396
-26958
-26520
-26082
-25642
-25204
-24766
-24328
-23890
-23452
-23012
-22574
-22136
-21698
-21260
-20822
-20382
-19944
-19506
-19068
-18630
-18192
-17752
-17314
-16876
-16438
-16000
-15562
-15122
-14684
-14246
-13808
-13370
-12932
-12492
-12054
-11616
-11178
-10740
-10302
-9862
-9424
-8986
-8548
-8110
-7670
-7232
-6794
-6356
-5918
-5480
-5040
-4602
-4164
-3726
-3288
-2850
-2410
-1972
-1534
-1096
-658
-220
0
0
0
0
0
0
0
0
0
0
0
0
0
0
0
0
0
0
0
0
0
0
0
0
0
0
0
0
0
0
0
0
0
0
0
0
0
0
0
0
0
0
0
0
0
0
0
0
0
0
0
0
0
0
0
0
0
0
0
0
0
0
0
0
0
0
0
0
0
0
0
0
0
0
0
0
0
0
0
0
0
0
0
0
0
0
0
0
0
0
0
0
0
0
0
0
0
0
0
0
0
0
0
0
0
0
0
0
0
0
0
0
0
0
0
0
0
0
0
0
0
0
0
0
0
110
548
986
1424
1862
2302
2740
3178
3616
4054
4492
4932
5370
5808
6246
6684
7124
7562
8000
8438
8876
9314
9754
10192
10630
11068
11506
11944
12384
12822
13260
13698
14136
14574
15014
15452
15890
16328
16766
17204
17644
18082
18520
18958
19396
19834
20274
20712
21150
21588
22026
22464
22904
23342
23780
24218
24656
25096
25534
25972
26410
26848
27286
27726
28164
28602
29040
29478
29916
30356
30794
31232
31670
32108
32546
32656
32218
31780
31342
30904
30464
30026
29588
29150
28712
28274
27834
27396
26958
26520
26082
25642
25204
24766
24328
23890
23452
23012
22574
22136
21698
21260
20822
20382
19944
19506
19068
18630
18192
17752
17314
16876
16438
16000
15562
15122
14684
14246
13808
13370
12932
12492
12054
11616
11178
10740
10302
9862
9424
8986
8548
8110
7670
7232
6794
6356
5918
5480
5040
4602
4164
3726
3288
2850
2410
1972
1534
1096
658
220
0
0
0
0
0
0
0
0
0
0
0
0
0
0
0
0
0
0
0
0
0
0
0
0
0
0
0
0
0
0
0
0
0
0
0
0
0
0
0
0
0
0
0
0
0
0
0
0
0
0
0
0
0
0
0
0
0
0
0
0
0
0
0
0
0
0
0
0
0
0
0
0
0
0
0
0
0
0
0
0
0
0
0
0
0
0
0
0
0
0
0
0
0
0
0
0
0
0
0
0
0
0
0
0
0
0
0
0
0
0
0
0
0
0
0
0
0
0
0
0
0
0
0
0
0
0
0
0
0
0
0
0
0
0
0
0
0
0
0
0
0
0
0
0
0
0
0
0
0
0
0
0
0
0
0
0
0
0
0
0
0
0
0
0
0
0
0
0
0
0
0
0
0
0
0
0
0
0
0
0
0
0
0
0
0
0
0
0
0
0
0
0
0
0
0
0
0
0
0
0
0
0
0
0
0
0
0
0
0
0
0
0
0
0
0
0
0
0
0
0
0
0
0
0
0
0
0
0
0
0
0
0
0
0
0
0
0
0
0
0
0
0
0
0
0
0
0
0
0
0
0
0
0
0
0
0
0
0
0
0
0
0
0
0
0
0
0
0
0
0
0
0
0
0
0
0
0
0
0
0
0
0
0
0
0
0
0
0
0
0
0
0
0
0
0
0
0
0
0
0
0
0
0
0
0
0
0
0
0
0
0
0
0
0
0
0
0
0
0
0
0
0
0
0
0
0
0
0
0
0
0
0
0
0
0
0
0
0
0
0
0
0
0
0
0
0
0
0
0
0
0
0
0
0
0
0
0
0
0
0
0
0
0
0
0
0
0
0
0
0
0
0
0
0
0
-110
-548
-986
-1424
-1862
-2302
-2740
-3178
-3616
-4054
-4492
-4932
-5370
-5808
-6246
-6684
-7124
-7562
-8000
-8438
-8876
-9314
-9754
-10192
-10630
-11068
-11506
-11944
-12384
-12822
-13260
-13698
-14136
-14574
-15014
-15452
-15890
-16328
-16766
-17204
-17644
-18082
-18520
-18958
-19396
-19834
-20274
-20712
-21150
-21588
-22026
-22464
-22904
-23342
-23780
-24218
-24656
-25096
-25534
-25972
-26410
-26848
-27286
-27726
-28164
-28602
-29040
-29478
-29916
-30356
-30794
-31232
-31670
-32108
-32546
-32656
-32218
-31780
-31342
-30904
-30464
-30026
-29588
-29150
-28712
-28274
-27834
-27396
-26958
-26520
-26082
-25642
-25204
-24766
-24328
-23890
-23452
-23012
-22574
-22136
-21698
-21260
-20822
-20382
-19944
-19506
-19068
-18630
-18192
-17752
-17314
-16876
-16438
-16000
-15562
-15122
-14684
-14246
-13808
-13370
-12932
-12492
-12054
-11616
-11178
-10740
-10302
-9862
-9424
-8986
-8548
-8110
-7670
-7232
-6794
-6356
-5918
-5480
-5040
-4602
-4164
-3726
-3288
-2850
-2410
-1972
-1534
-1096
-658
-220
0
0
0
0
0
0
0
0
0
0
0
0
0
0
0
0
0
0
0
0
0
0
0
0
0
0
0
0
0
0
0
0
0
0
0
0
0
0
0
0
0
0
0
0
0
0
0
0
0
0
0
0
0
0
0
0
0
0
0
0
0
0
0
0
0
0
0
0
0
0
0
0
0
0
0
0
0
0
0
0
0
0
0
0
0
0
0
0
0
0
0
0
0
0
0
0
0
0
0
0
0
0
0
0
0
0
0
0
0
0
0
0
0
0
0
0
0
0
0
0
0
0
0
0
0
0
0
0
0
0
0
0
0
0
0
0
0
0
0
0
0
0
0
0
0
0
0
0
0
0
0
0
0
0
0
0
0
0
0
0
0
0
0
0
0
0
0
0
0
0
0
0
0
0
0
0
0
0
0
0
0
0
0
0
0
0
0
0
0
0
0
0
0
0
0
0
0
0
0
0
0
0
0
0
0
0
0
0
0
438
876
1316
1754
2192
2630
3068
3506
3946
4384
4822
5260
5698
6136
6576
7014
7452
7890
8328
8766
9206
9644
10082
10520
10958
11396
11836
12274
12712
13150
13588
14026
14466
14904
15342
15780
16218
16656
17096
17534
17972
18410
18848
19288
19726
20164
20602
21040
21478
21918
22356
22794
23232
23670
24108
24548
24986
25424
25862
26300
26738
27178
27616
28054
28492
28930
29368
29808
30246
30684
31122
31560
31998
32438
32766
32328
31890
31450
31012
30574
30136
29698
29260
28820
28382
27944
27506
27068
26630
26190
25752
25314
24876
24438
24000
23560
23122
22684
22246
21808
21370
20930
20492
20054
19616
19178
18740
18300
17862
17424
16986
16548
16110
15670
15232
14794
14356
13918
13478
13040
12602
12164
11726
11288
10848
10410
9972
9534
9096
8658
8218
7780
7342
6904
6466
6028
5588
5150
4712
4274
3836
3398
2958
2520
2082
1644
1206
768
328
0
0
0
0
0
0
0
0
0
0
0
0
0
0
0
0
0
0
0
0
0
0
0
0
0
0
0
0
0
0
0
0
0
0
0
0
0
0
0
0
0
0
0
0
0
0
0
0
0
0
0
0
0
0
0
0
0
0
0
0
0
0
0
0
0
0
0
0
0
0
0
0
0
0
0
0
0
0
0
0
0
0
0
0
0
0
0
0
0
0
0
0
0
0
0
0
0
0
0
0
0
0
0
0
0
0
0
0
0
0
0
0
0
0
0
0
0
0
0
0
0
0
0
0
0
0
0
0
0
0
0
0
0
0
0
0
0
0
0
0
0
0
0
0
0
0
0
0
0
0
0
0
0
0
0
0
0
0
0
0
0
0
0
0
0
0
0
0
0
0
0
0
0
0
0
0
0
0
0
0
0
0
0
0
0
0
0
0
0
0
0
0
0
0
0
0
0
0
0
0
0
0
0
0
0
0
0
0
0
0
0
0
0
0
0
0
0
0
0
0
0
0
0
0
0
0
0
0
0
0
0
0
0
0
0
0
0
0
0
0
0
0
0
0
0
0
0
0
0
0
0
0
0
0
0
0
0
0
0
0
0
0
0
0
0
0
0
0
0
0
0
0
0
0
0
0
0
0
0
0
0
0
0
0
0
0
0
0
0
0
0
0
0
0
0
0
0
0
0
0
0
0
0
0
0
0
0
0
0
0
0
0
0
0
0
0
0
0
0
0
0
0
0
0
0
0
0
0
0
0
0
0
0
0
0
0
0
0
0
0
0
0
0
0
0
0
0
0
0
0
0
0
0
0
0
0
0
0
0
0
0
0
0
0
0
0
0
0
0
0
0
0
0
0
0
0
-438
-876
-1316
-1754
-2192
-2630
-3068
-3506
-3946
-4384
-4822
-5260
-5698
-6136
-6576
-7014
-7452
-7890
-8328
-8766
-9206
-9644
-10082
-10520
-10958
-11396
-11836
-12274
-12712
-13150
-13588
-14026
-14466
-14904
-15342
-15780
-16218
-16656
-17096
-17534
-17972
-18410
-18848
-19288
-19726
-20164
-20602
-21040
-21478
-21918
-22356
-22794
-23232
-23670
-24108
-24548
-24986
-25424
-25862
-26300
-26738
-27178
-27616
-28054
-28492
-28930
-29368
-29808
-30246
-30684
-31122
-31560
-31998
-32438
-32766
-32328
-31890
-31450
-31012
-30574
-30136
-29698
-29260
-28820
-28382
-27944
-27506
-27068
-26630
-26190
-25752
-25314
-24876
-24438
-24000
-23560
-23122
-22684
-22246
-21808
-21370
-20930
-20492
-20054
-19616
-19178
-18740
-18300
-17862
-17424
-16986
-16548
-16110
-15670
-15232
-14794
-14356
-13918
-13478
-13040
-12602
-12164
-11726
-11288
-10848
-10410
-9972
-9534
-9096
-8658
-8218
-7780
-7342
-6904
-6466
-6028
-5588
-5150
-4712
-4274
-3836
-3398
-2958
-2520
-2082
-1644
-1206
-768
-328
0
0
0
0
0
0
0
0
0
0
0
0
0
0
0
0
0
0
0
0
0
0
0
0
0
0
0
0
0
0
0
0
0
0
0
0
0
0
0
0
0
0
0
0
0
0
0
0
0
0
0
0
0
0
0
0
0
0
0
0
0
0
0
0
0
0
0
0
0
0
0
0
0
0
0
0
0
0
0
0
0
0
0
0
0
0
0
0
0
0
0
0
0
0
0
0
0
0
0
0
0
0
0
0
0
0
0
0
0
0
0
0
0
0
0
0
0
0
0
0
0
0
0
0
0
0
438
876
1316
1754
2192
2630
3068
3506
3946
4384
4822
5260
5698
6136
6576
7014
7452
7890
8328
8766
9206
9644
10082
10520
10958
11396
11836
12274
12712
13150
13588
14026
14466
14904
15342
15780
16218
16656
17096
17534
17972
18410
18848
19288
19726
20164
20602
21040
21478
21918
22356
22794
23232
23670
24108
24548
24986
25424
25862
26300
26738
27178
27616
28054
28492
28930
29368
29808
30246
30684
31122
31560
31998
32438
32766
32328
31890
31450
31012
30574
30136
29698
29260
28820
28382
27944
27506
27068
26630
26190
25752
25314
24876
24438
24000
23560
23122
22684
22246
21808
21370
20930
20492
20054
19616
19178
18740
18300
17862
17424
16986
16548
16110
15670
15232
14794
14356
13918
13478
13040
12602
12164
11726
11288
10848
10410
9972
9534
9096
8658
8218
7780
7342
6904
6466
6028
5588
5150
4712
4274
3836
3398
2958
2520
2082
1644
1206
768
328
0
0
0
0
0
0
0
0
0
0
0
0
0
0
0
0
0
0
0
0
0
0
0
0
0
0
0
0
0
0
0
0
0
0
0
0
0
0
0
0
0
0
0
0
0
0
0
0
0
0
0
0
0
0
0
0
0
0
0
0
0
0
0
0
0
0
0
0
0
0
0
0
0
0
0
0
0
0
0
0
0
0
0
0
0
0
0
0
0
0
0
0
0
0
0
0
0
0
0
0
0
0
0
0
0
0
0
0
0
0
0
0
0
0
0
0
0
0
0
0
0
0
0
0
0
0
0
0
0
0
0
0
0
0
0
0
0
0
0
0
0
0
0
0
0
0
0
0
0
0
0
0
0
0
0
0
0
0
0
0
0
0
0
0
0
0
0
0
0
0
0
0
0
0
0
0
0
0
0
0
0
0
0
0
0
0
0
0
0
0
0
0
0
0
0
0
0
0
0
0
0
0
0
0
0
0
0
0
0
0
0
0
0
0
0
0
0
0
0
0
0
0
0
0
0
0
0
0
0
0
0
0
0
0
0
0
0
0
0
0
0
0
0
0
0
0
0
0
0
0
0
0
0
0
0
0
0
0
0
0
0
0
0
0
0
0
0
0
0
0
0
0
0
0
0
0
0
0
0
0
0
0
0
0
0
0
0
0
0
0
0
0
0
0
0
0
0
0
0
0
0
0
0
0
0
0
0
0
0
0
0
0
0
0
0
0
0
0
0
0
0
0
0
0
0
0
0
0
0
0
0
0
0
0
0
0
0
0
0
0
0
0
0
0
0
0
0
0
0
0
0
0
0
0
0
0
0
0
0
0
0
0
0
0
0
0
0
0
0
0
0
0
0
0
0
0
-438
-876
-1316
-1754
-2192
-2630
-3068
-3506
-3946
-4384
-4822
-5260
-5698
-6136
-6576
-7014
-7452
-7890
-8328
-8766
-9206
-9644
-10082
-10520
-10958
-11396
-11836
-12274
-12712
-13150
-13588
-14026
-14466
-14904
-15342
-15780
-16218
-16656
-17096
-17534
-17972
-18410
-18848
-19288
-19726
-20164
-20602
-21040
-21478
-21918
-22356
-22794
-23232
-23670
-24108
-24548
-24986
-25424
-25862
-26300
-26738
-27178
-27616
-28054
-28492
-28930
-29368
-29808
-30246
-30684
-31122
-31560
-31998
-32438
-32766
-32328
-31890
-31450
-31012
-30574
-30136
-29698
-29260
-28820
-28382
-27944
-27506
-27068
-26630
-26190
-25752
-25314
-24876
-24438
-24000
-23560
-23122
-22684
-22246
-21808
-21370
-20930
-20492
-20054
-19616
-19178
-18740
-18300
-17862
-17424
-16986
-16548
-16110
-15670
-15232
-14794
-14356
-13918
-13478
-13040
-12602
-12164
-11726
-11288
-10848
-10410
-9972
-9534
-9096
-8658
-8218
-7780
-7342
-6904
-6466
-6028
-5588
-5150
-4712
-4274
-3836
-3398
-2958
-2520
-2082
-1644
-1206
-768
-328
0
0
0
0
0
0
0
0
0
0
0
0
0
0
0
0
0
0
0
0
0
0
0
0
0
0
0
0
0
0
0
0
0
0
0
0
0
0
0
0
0
0
0
0
0
0
0
0
0
0
0
0
0
0
0
0
0
0
0
0
0
0
0
0
0
0
0
0
0
0
0
0
0
0
0
0
0
0
0
0
0
0
0
0
0
0
0
0
0
0
0
0
0
0
0
0
0
0
0
0
0
0
0
0
0
0
0
0
0
0
0
0
0
0
0
0
0
0
0
0
0
0
0
0
0
0
0
0
0
0
0
0
0
0
0
0
0
0
0
0
0
0
0
0
0
0
0
0
0
0
0
0
0
0
0
0
0
0
0
0
0
0
0
0
0
0
0
0
0
0
0
0
0
0
0
0
0
0
0
0
0
0
0
0
0
0
0
0
0
0
0
0
0
0
0
0
0
0
0
0
0
0
0
0
0
0
0
0
0
328
768
1206
1644
2082
2520
2958
3398
3836
4274
4712
5150
5588
6028
6466
6904
7342
7780
8218
8658
9096
9534
9972
10410
10848
11288
11726
12164
12602
13040
13478
13918
14356
14794
15232
15670
16110
16548
16986
17424
17862
18300
18740
19178
19616
20054
20492
20930
21370
21808
22246
22684
23122
23560
24000
24438
24876
25314
25752
26190
26630
27068
27506
27944
28382
28820
29260
29698
30136
30574
31012
31450
31890
32328
32766
32438
31998
31560
31122
30684
30246
29808
29368
28930
28492
28054
27616
27178
26738
26300
25862
25424
24986
24548
24108
23670
23232
22794
22356
21918
21478
21040
20602
20164
19726
19288
18848
18410
17972
17534
17096
16656
16218
15780
15342
14904
14466
14026
13588
13150
12712
12274
11836
11396
10958
10520
10082
9644
9206
8766
8328
7890
7452
7014
6576
6136
5698
5260
4822
4384
3946
3506
3068
2630
2192
1754
1316
876
438
0
0
0
0
0
0
0
0
0
0
0
0
0
0
0
0
0
0
0
0
0
0
0
0
0
0
0
0
0
0
0
0
0
0
0
0
0
0
0
0
0
0
0
0
0
0
0
0
0
0
0
0
0
0
0
0
0
0
0
0
0
0
0
0
0
0
0
0
0
0
0
0
0
0
0
0
0
0
0
0
0
0
0
0
0
0
0
0
0
0
0
0
0
0
0
0
0
0
0
0
0
0
0
0
0
0
0
0
0
0
0
0
0
0
0
0
0
0
0
0
0
0
0
0
0
0
0
0
0
0
0
0
0
0
0
0
0
0
0
0
0
0
0
0
0
0
0
0
0
0
0
0
0
0
0
0
0
0
0
0
0
0
0
0
0
0
0
0
0
0
0
0
0
0
0
0
0
0
0
0
0
0
0
0
0
0
0
0
0
0
0
0
0
0
0
0
0
0
0
0
0
0
0
0
0
0
0
0
0
0
0
0
0
0
0
0
0
0
0
0
0
0
0
0
0
0
0
0
0
0
0
0
0
0
0
0
0
0
0
0
0
0
0
0
0
0
0
0
0
0
0
0
0
0
0
0
0
0
0
0
0
0
0
0
0
0
0
0
0
0
0
0
0
0
0
0
0
0
0
0
0
0
0
0
0
0
0
0
0
0
0
0
0
0
0
0
0
0
0
0
0
0
0
0
0
0
0
0
0
0
0
0
0
0
0
0
0
0
0
0
0
0
0
0
0
0
0
0
0
0
0
0
0
0
0
0
0
0
0
0
0
0
0
0
0
0
0
0
0
0
0
0
0
0
0
0
0
0
0
0
0
0
0
0
0
0
0
0
0
0
0
0
0
0
0
0
-328
-768
-1206
-1644
-2082
-2520
-2958
-3398
-3836
-4274
-4712
-5150
-5588
-6028
-6466
-6904
-7342
-7780
-8218
-8658
-9096
-9534
-9972
-10410
-10848
-11288
-11726
-12164
-12602
-13040
-13478
-13918
-14356
-14794
-15232
-15670
-16110
-16548
-16986
-17424
-17862
-18300
-18740
-19178
-19616
-20054
-20492
-20930
-21370
-21808
-22246
-22684
-23122
-23560
-24000
-24438
-24876
-25314
-25752
-26190
-26630
-27068
-27506
-27944
-28382
-28820
-29260
-29698
-30136
-30574
-31012
-31450
-31890
-32328
-32766
-32438
-31998
-31560
-31122
-30684
-30246
-29808
-29368
-28930
-28492
-28054
-27616
-27178
-26738
-26300
-25862
-25424
-24986
-24548
-24108
-23670
-23232
-22794
-22356
-21918
-21478
-21040
-20602
-20164
-19726
-19288
-18848
-18410
-17972
-17534
-17096
-16656
-16218
-15780
-15342
-14904
-14466
-14026
-13588
-13150
-12712
-12274
-11836
-11396
-10958
-10520
-10082
-9644
-9206
-8766
-8328
-7890
-7452
-7014
-6576
-6136
-5698
-5260
-4822
-4384
-3946
-3506
-3068
-2630
-2192
-1754
-1316
-876
-438
0
0
0
0
0
0
0
0
0
0
0
0
0
0
0
0
0
0
0
0
0
0
0
0
0
0
0
0
0
0
0
0
0
0
0
0
0
0
0
0
0
0
0
0
0
0
0
0
0
0
0
0
0
0
0
0
0
0
0
0
0
0
0
0
0
0
0
0
0
0
0
0
0
0
0
0
0
0
0
0
0
0
0
0
0
0
0
0
0
0
0
0
0
0
0
0
0
0
0
0
0
0
0
0
0
0
0
0
0
0
0
0
0
0
0
0
0
0
0
0
0
0
0
0
0
0
328
768
1206
1644
2082
2520
2958
3398
3836
4274
4712
5150
5588
6028
6466
6904
7342
7780
8218
8658
9096
9534
9972
10410
10848
11288
11726
12164
12602
13040
13478
13918
14356
14794
15232
15670
16110
16548
16986
17424
17862
18300
18740
19178
19616
20054
20492
20930
21370
21808
22246
22684
23122
23560
24000
24438
24876
25314
25752
26190
26630
27068
27506
27944
28382
28820
29260
29698
30136
30574
31012
31450
31890
32328
32766
32438
31998
31560
31122
30684
30246
29808
29368
28930
28492
28054
27616
27178
26738
26300
25862
25424
24986
24548
24108
23670
23232
22794
22356
21918
21478
21040
20602
20164
19726
19288
18848
18410
17972
17534
17096
16656
16218
15780
15342
14904
14466
14026
13588
13150
12712
12274
11836
11396
10958
10520
10082
9644
9206
8766
8328
7890
7452
7014
6576
6136
5698
5260
4822
4384
3946
3506
3068
2630
2192
1754
1316
876
438
0
0
0
0
0
0
0
0
0
0
0
0
0
0
0
0
0
0
0
0
0
0
0
0
0
0
0
0
0
0
0
0
0
0
0
0
0
0
0
0
0
0
0
0
0
0
0
0
0
0
0
0
0
0
0
0
0
0
0
0
0
0
0
0
0
0
0
0
0
0
0
0
0
0
0
0
0
0
0
0
0
0
0
0
0
0
0
0
0
0
0
0
0
0
0
0
0
0
0
0
0
0
0
0
0
0
0
0
0
0
0
0
0
0
0
0
0
0
0
0
0
0
0
0
0
0
0
0
0
0
0
0
0
0
0
0
0
0
0
0
0
0
0
0
0
0
0
0
0
0
0
0
0
0
0
0
0
0
0
0
0
0
0
0
0
0
0
0
0
0
0
0
0
0
0
0
0
0
0
0
0
0
0
0
0
0
0
0
0
0
0
0
0
0
0
0
0
0
0
0
0
0
0
0
0
0
0
0
0
0
0
0
0
0
0
0
0
0
0
0
0
0
0
0
0
0
0
0
0
0
0
0
0
0
0
0
0
0
0
0
0
0
0
0
0
0
0
0
0
0
0
0
0
0
0
0
0
0
0
0
0
0
0
0
0
0
0
0
0
0
0
0
0
0
0
0
0
0
0
0
0
0
0
0
0
0
0
0
0
0
0
0
0
0
0
0
0
0
0
0
0
0
0
0
0
0
0
0
0
0
0
0
0
0
0
0
0
0
0
0
0
0
0
0
0
0
0
0
0
0
0
0
0
0
0
0
0
0
0
0
0
0
0
0
0
0
0
0
0
0
0
0
0
0
0
0
0
0
0
0
0
0
0
0
0
0
0
0
0
0
0
0
0
0
0
0
-328
-768
-1206
-1644
-2082
-2520
-2958
-3398
-3836
-4274
-4712
-5150
-5588
-6028
-6466
-6904
-7342
-7780
-8218
-8658
-9096
-9534
-9972
-10410
-10848
-11288
-11726
-12164
-12602
-13040
-13478
-13918
-14356
-14794
-15232
-15670
-16110
-16548
-16986
-17424
-17862
-18300
-18740
-19178
-19616
-20054
-20492
-20930
-21370
-21808
-22246
-22684
-23122
-23560
-24000
-24438
-24876
-25314
-25752
-26190
-26630
-27068
-27506
-27944
-28382
-28820
-29260
-29698
-30136
-30574
-31012
-31450
-31890
-32328
-32766
-32438
-31998
-31560
-31122
-30684
-30246
-29808
-29368
-28930
-28492
-28054
-27616
-27178
-26738
-26300
-25862
-25424
-24986
-24548
-24108
-23670
-23232
-22794
-22356
-21918
-21478
-21040
-20602
-20164
-19726
-19288
-18848
-18410
-17972
-17534
-17096
-16656
-16218
-15780
-15342
-14904
-14466
-14026
-13588
-13150
-12712
-12274
-11836
-11396
-10958
-10520
-10082
-9644
-9206
-8766
-8328
-7890
-7452
-7014
-6576
-6136
-5698
-5260
-4822
-4384
-3946
-3506
-3068
-2630
-2192
-1754
-1316
-876
-438
0
0
0
0
0
0
0
0
0
0
0
0
0
0
0
0
0
0
0
0
0
0
0
0
0
0
0
0
0
0
0
0
0
0
0
0
0
0
0
0
0
0
0
0
0
0
0
0
0
0
0
0
0
0
0
0
0
0
0
0
0
0
0
0
0
0
0
0
0
0
0
0
0
0
0
0
0
0
0
0
0
0
0
0
0
0
0
0
0
0
0
0
0
0
0
0
0
0
0
0
0
0
0
0
0
0
0
0
0
0
0
0
0
0
0
0
0
0
0
0
0
0
0
0
0
0
0
0
0
0
0
0
0
0
0
0
0
0
0
0
0
0
0
0
0
0
0
0
0
0
0
0
0
0
0
0
0
0
0
0
0
0
0
0
0
0
0
0
0
0
0
0
0
0
0
0
0
0
0
0
0
0
0
0
0
0
0
0
0
0
0
0
0
0
0
0
0
0
0
0
0
0
0
0
0
0
0
0
0
220
658
1096
1534
1972
2410
2850
3288
3726
4164
4602
5040
5480
5918
6356
6794
7232
7670
8110
8548
8986
9424
9862
10302
10740
11178
11616
12054
12492
12932
13370
13808
14246
14684
15122
15562
16000
16438
16876
17314
17752
18192
18630
19068
19506
19944
20382
20822
21260
21698
22136
22574
23012
23452
23890
24328
24766
25204
25642
26082
26520
26958
27396
27834
28274
28712
29150
29588
30026
30464
30904
31342
31780
32218
32656
32546
32108
31670
31232
30794
30356
29916
29478
29040
28602
28164
27726
27286
26848
26410
25972
25534
25096
24656
24218
23780
23342
22904
22464
22026
21588
21150
20712
20274
19834
19396
18958
18520
18082
17644
17204
16766
16328
15890
15452
15014
14574
14136
13698
13260
12822
12384
11944
11506
11068
10630
10192
9754
9314
8876
8438
8000
7562
7124
6684
6246
5808
5370
4932
4492
4054
3616
3178
2740
2302
1862
1424
986
548
110
0
0
0
0
0
0
0
0
0
0
0
0
0
0
0
0
0
0
0
0
0
0
0
0
0
0
0
0
0
0
0
0
0
0
0
0
0
0
0
0
0
0
0
0
0
0
0
0
0
0
0
0
0
0
0
0
0
0
0
0
0
0
0
0
0
0
0
0
0
0
0
0
0
0
0
0
0
0
0
0
0
0
0
0
0
0
0
0
0
0
0
0
0
0
0
0
0
0
0
0
0
0
0
0
0
0
0
0
0
0
0
0
0
0
0
0
0
0
0
0
0
0
0
0
0
0
0
0
0
0
0
0
0
0
0
0
0
0
0
0
0
0
0
0
0
0
0
0
0
0
0
0
0
0
0
0
0
0
0
0
0
0
0
0
0
0
0
0
0
0
0
0
0
0
0
0
0
0
0
0
0
0
0
0
0
0
0
0
0
0
0
0
0
0
0
0
0
0
0
0
0
0
0
0
0
0
0
0
0
0
0
0
0
0
0
0
0
0
0
0
0
0
0
0
0
0
0
0
0
0
0
0
0
0
0
0
0
0
0
0
0
0
0
0
0
0
0
0
0
0
0
0
0
0
0
0
0
0
0
0
0
0
0
0
0
0
0
0
0
0
0
0
0
0
0
0
0
0
0
0
0
0
0
0
0
0
0
0
0
0
0
0
0
0
0
0
0
0
0
0
0
0
0
0
0
0
0
0
0
0
0
0
0
0
0
0
0
0
0
0
0
0
0
0
0
0
0
0
0
0
0
0
0
0
0
0
0
0
0
0
0
0
0
0
0
0
0
0
0
0
0
0
0
0
0
0
0
0
0
0
0
0
0
0
0
0
0
0
0
0
0
0
0
0
0
-220
-658
-1096
-1534
-1972
-2410
-2850
-3288
-3726
-4164
-4602
-5040
-5480
-5918
-6356
-6794
-7232
-7670
-8110
-8548
-8986
-9424
-9862
-10302
-10740
-11178
-11616
-12054
-12492
-12932
-13370
-13808
-14246
-14684
-15122
-15562
-16000
-16438
-16876
-17314
-17752
-18192
-18630
-19068
-19506
-19944
-20382
-20822
-21260
-21698
-22136
-22574
-23012
-23452
-23890
-24328
-24766
-25204
-25642
-26082
-26520
-26958
-27396
-27834
-28274
-28712
-29150
-29588
-30026
-30464
-30904
-31342
-31780
-32218
-32656
-32546
-32108
-31670
-31232
-30794
-30356
-29916
-29478
-29040
-28602
-28164
-27726
-27286
-26848
-26410
-25972
-25534
-25096
-24656
-24218
-23780
-23342
-22904
-22464
-22026
-21588
-21150
-20712
-20274
-19834
-19396
-18958
-18520
-18082
-17644
-17204
-16766
-16328
-15890
-15452
-15014
-14574
-14136
-13698
-13260
-12822
-12384
-11944
-11506
-11068
-10630
-10192
-9754
-9314
-8876
-8438
-8000
-7562
-7124
-6684
-6246
-5808
-5370
-4932
-4492
-4054
-3616
-3178
-2740
-2302
-1862
-1424
-986
-548
-110
0
0
0
0
0
0
0
0
0
0
0
0
0
0
0
0
0
0
0
0
0
0
0
0
0
0
0
0
0
0
0
0
0
0
0
0
0
0
0
0
0
0
0
0
0
0
0
0
0
0
0
0
0
0
0
0
0
0
0
0
0
0
0
0
0
0
0
0
0
0
0
0
0
0
0
0
0
0
0
0
0
0
0
0
0
0
0
0
0
0
0
0
0
0
0
0
0
0
0
0
0
0
0
0
0
0
0
0
0
0
0
0
0
0
0
0
0
0
0
0
0
0
0
0
0
220
658
1096
1534
1972
2410
2850
3288
3726
4164
4602
5040
5480
5918
6356
6794
7232
7670
8110
8548
8986
9424
9862
10302
10740
11178
11616
12054
12492
12932
13370
13808
14246
14684
15122
15562
16000
16438
16876
17314
17752
18192
18630
19068
19506
19944
20382
20822
21260
21698
22136
22574
23012
23452
23890
24328
24766
25204
25642
26082
26520
26958
27396
27834
28274
28712
29150
29588
30026
30464
30904
31342
31780
32218
32656
32546
32108
31670
31232
30794
30356
29916
29478
29040
28602
28164
27726
27286
26848
26410
25972
25534
25096
24656
24218
23780
23342
22904
22464
22026
21588
21150
20712
20274
19834
19396
18958
18520
18082
17644
17204
16766
16328
15890
15452
15014
14574
14136
13698
13260
12822
12384
11944
11506
11068
10630
10192
9754
9314
8876
8438
8000
7562
7124
6684
6246
5808
5370
4932
4492
4054
3616
3178
2740
2302
1862
1424
986
548
110
0
0
0
0
0
0
0
0
0
0
0
0
0
0
0
0
0
0
0
0
0
0
0
0
0
0
0
0
0
0
0
0
0
0
0
0
0
0
0
0
0
0
0
0
0
0
0
0
0
0
0
0
0
0
0
0
0
0
0
0
0
0
0
0
0
0
0
0
0
0
0
0
0
0
0
0
0
0
0
0
0
0
0
0
0
0
0
0
0
0
0
0
0
0
0
0
0
0
0
0
0
0
0
0
0
0
0
0
0
0
0
0
0
0
0
0
0
0
0
0
0
0
0
0
0
0
0
0
0
0
0
0
0
0
0
0
0
0
0
0
0
0
0
0
0
0
0
0
0
0
0
0
0
0
0
0
0
0
0
0
0
0
0
0
0
0
0
0
0
0
0
0
0
0
0
0
0
0
0
0
0
0
0
0
0
0
0
0
0
0
0
0
0
0
0
0
0
0
0
0
0
0
0
0
0
0
0
0
0
0
0
0
0
0
0
0
0
0
0
0
0
0
0
0
0
0
0
0
0
0
0
0
0
0
0
0
0
0
0
0
0
0
0
0
0
0
0
0
0
0
0
0
0
0
0
0
0
0
0
0
0
0
0
0
0
0
0
0
0
0
0
0
0
0
0
0
0
0
0
0
0
0
0
0
0
0
0
0
0
0
0
0
0
0
0
0
0
0
0
0
0
0
0
0
0
0
0
0
0
0
0
0
0
0
0
0
0
0
0
0
0
0
0
0
0
0
0
0
0
0
0
0
0
0
0
0
0
0
0
0
0
0
0
0
0
0
0
0
0
0
0
0
0
0
0
0
0
0
0
0
0
0
0
0
0
0
0
0
0
0
0
0
0
0
0
-220
-658
-1096
-1534
-1972
-2410
-2850
-3288
-3726
-4164
-4602
-5040
-5480
-5918
-6356
-6794
-7232
-7670
-8110
-8548
-8986
-9424
-9862
-10302
-10740
-11178
-11616
-12054
-12492
-12932
-13370
-13808
-14246
-14684
-15122
-15562
-16000
-16438
-16876
-17314
-17752
-18192
-18630
-19068
-19506
-19944
-20382
-20822
-21260
-21698
-22136
-22574
-23012
-23452
-23890
-24328
-24766
-25204
-25642
-26082
-26520
-26958
-27396
-27834
-28274
-28712
-29150
-29588
-30026
-30464
-30904
-31342
-31780
-32218
-32656
-32546
-32108
-31670
-31232
-30794
-30356
-29916
-29478
-29040
-28602
-28164
-27726
-27286
-26848
-26410
-25972
-25534
-25096
-24656
-24218
-23780
-23342
-22904
-22464
-22026
-21588
-21150
-20712
-20274
-19834
-19396
-18958
-18520
-18082
-17644
-17204
-16766
-16328
-15890
-15452
-15014
-14574
-14136
-13698
-13260
-12822
-12384
-11944
-11506
-11068
-10630
-10192
-9754
-9314
-8876
-8438
-8000
-7562
-7124
-6684
-6246
-5808
-5370
-4932
-4492
-4054
-3616
-3178
-2740
-2302
-1862
-1424
-986
-548
-110
0
0
0
0
0
0
0
0
0
0
0
0
0
0
0
0
0
0
0
0
0
0
0
0
0
0
0
0
0
0
0
0
0
0
0
0
0
0
0
0
0
0
0
0
0
0
0
0
0
0
0
0
0
0
0
0
0
0
0
0
0
0
0
0
0
0
0
0
0
0
0
0
0
0
0
0
0
0
0
0
0
0
0
0
0
0
0
0
0
0
0
0
0
0
0
0
0
0
0
0
0
0
0
0
0
0
0
0
0
0
0
0
0
0
0
0
0
0
0
0
0
0
0
0
0
0
0
0
0
0
0
0
0
0
0
0
0
0
0
0
0
0
0
0
0
0
0
0
0
0
0
0
0
0
0
0
0
0
0
0
0
0
0
0
0
0
0
0
0
0
0
0
0
0
0
0
0
0
0
0
0
0
0
0
0
0
0
0
0
0
0
0
0
0
0
0
0
0
0
0
0
0
0
0
0
0
0
0
110
548
986
1424
1862
2302
2740
3178
3616
4054
4492
4932
5370
5808
6246
6684
7124
7562
8000
8438
8876
9314
9754
10192
10630
11068
11506
11944
12384
12822
13260
13698
14136
14574
15014
15452
15890
16328
16766
17204
17644
18082
18520
18958
19396
19834
20274
20712
21150
21588
22026
22464
22904
23342
23780
24218
24656
25096
25534
25972
26410
26848
27286
27726
28164
28602
29040
29478
29916
30356
30794
31232
31670
32108
32546
32656
32218
31780
31342
30904
30464
30026
29588
29150
28712
28274
27834
27396
26958
26520
26082
25642
25204
24766
24328
23890
23452
23012
22574
22136
21698
21260
20822
20382
19944
19506
19068
18630
18192
17752
17314
16876
16438
16000
15562
15122
14684
14246
13808
13370
12932
12492
12054
11616
11178
10740
10302
9862
9424
8986
8548
8110
7670
7232
6794
6356
5918
5480
5040
4602
4164
3726
3288
2850
2410
1972
1534
1096
658
220
0
0
0
0
0
0
0
0
0
0
0
0
0
0
0
0
0
0
0
0
0
0
0
0
0
0
0
0
0
0
0
0
0
0
0
0
0
0
0
0
0
0
0
0
0
0
0
0
0
0
0
0
0
0
0
0
0
0
0
0
0
0
0
0
0
0
0
0
0
0
0
0
0
0
0
0
0
0
0
0
0
0
0
0
0
0
0
0
0
0
0
0
0
0
0
0
0
0
0
0
0
0
0
0
0
0
0
0
0
0
0
0
0
0
0
0
0
0
0
0
0
0
0
0
0
0
0
0
0
0
0
0
0
0
0
0
0
0
0
0
0
0
0
0
0
0
0
0
0
0
0
0
0
0
0
0
0
0
0
0
0
0
0
0
0
0
0
0
0
0
0
0
0
0
0
0
0
0
0
0
0
0
0
0
0
0
0
0
0
0
0
0
0
0
0
0
0
0
0
0
0
0
0
0
0
0
0
0
0
0
0
0
0
0
0
0
0
0
0
0
0
0
0
0
0
0
0
0
0
0
0
0
0
0
0
0
0
0
0
0
0
0
0
0
0
0
0
0
0
0
0
0
0
0
0
0
0
0
0
0
0
0
0
0
0
0
0
0
0
0
0
0
0
0
0
0
0
0
0
0
0
0
0
0
0
0
0
0
0
0
0
0
0
0
0
0
0
0
0
0
0
0
0
0
0
0
0
0
0
0
0
0
0
0
0
0
0
0
0
0
0
0
0
0
0
0
0
0
0
0
0
0
0
0
0
0
0
0
0
0
0
0
0
0
0
0
0
0
0
0
0
0
0
0
0
0
0
0
0
0
0
0
0
0
0
0
0
0
0
0
0
0
0
0
0
-110
-548
-986
-1424
-1862
-2302
-2740
-3178
-3616
-4054
-4492
-4932
-5370
-5808
-6246
-6684
-7124
-7562
-8000
-8438
-8876
-9314
-9754
-10192
-10630
-11068
-11506
-11944
-12384
-12822
-13260
-13698
-14136
-14574
-15014
-15452
-15890
-16328
-16766
-17204
-17644
-18082
-18520
-18958
-19396
-19834
-20274
-20712
-21150
-21588
-22026
-22464
-22904
-23342
-23780
-24218
-24656
-25096
-25534
-25972
-26410
-26848
-27286
-27726
-28164
-28602
-29040
-29478
-29916
-30356
-30794
-31232
-31670
-32108
-32546
-32656
-32218
-31780
-31342
-30904
-30464
-30026
-29588
-29150
-28712
-28274
-27834
-27396
-26958
-26520
-26082
-25642
-25204
-24766
-24328
-23890
-23452
-23012
-22574
-22136
-21698
-21260
-20822
-20382
-19944
-19506
-19068
-18630
-18192
-17752
-17314
-16876
-16438
-16000
-15562
-15122
-14684
-14246
-13808
-13370
-12932
-12492
-12054
-11616
-11178
-10740
-10302
-9862
-9424
-8986
-8548
-8110
-7670
-7232
-6794
-6356
-5918
-5480
-5040
-4602
-4164
-3726
-3288
-2850
-2410
-1972
-1534
-1096
-658
-220
0
0
0
0
0
0
0
0
0
0
0
0
0
0
0
0
0
0
0
0
0
0
0
0
0
0
0
0
0
0
0
0
0
0
0
0
0
0
0
0
0
0
0
0
0
0
0
0
0
0
0
0
0
0
0
0
0
0
0
0
0
0
0
0
0
0
0
0
0
0
0
0
0
0
0
0
0
0
0
0
0
0
0
0
0
0
0
0
0
0
0
0
0
0
0
0
0
0
0
0
0
0
0
0
0
0
0
0
0
0
0
0
0
0
0
0
0
0
0
0
0
0
0
0
0
110
548
986
1424
1862
2302
2740
3178
3616
4054
4492
4932
5370
5808
6246
6684
7124
7562
8000
8438
8876
9314
9754
10192
10630
11068
11506
11944
12384
12822
13260
13698
14136
14574
15014
15452
15890
16328
16766
17204
17644
18082
18520
18958
19396
19834
20274
20712
21150
21588
22026
22464
22904
23342
23780
24218
24656
25096
25534
25972
26410
26848
27286
27726
28164
28602
29040
29478
29916
30356
30794
31232
31670
32108
32546
32656
32218
31780
31342
30904
30464
30026
29588
29150
28712
28274
27834
27396
26958
26520
26082
25642
25204
24766
24328
23890
23452
23012
22574
22136
21698
21260
20822
20382
19944
19506
19068
18630
18192
17752
17314
16876
16438
16000
15562
15122
14684
14246
13808
13370
12932
12492
12054
11616
11178
10740
10302
9862
9424
8986
8548
8110
7670
7232
6794
6356
5918
5480
5040
4602
4164
3726
3288
2850
2410
1972
1534
1096
658
220
0
0
0
0
0
0
0
0
0
0
0
0
0
0
0
0
0
0
0
0
0
0
0
0
0
0
0
0
0
0
0
0
0
0
0
0
0
0
0
0
0
0
0
0
0
0
0
0
0
0
0
0
0
0
0
0
0
0
0
0
0
0
0
0
0
0
0
0
0
0
0
0
0
0
0
0
0
0
0
0
0
0
0
0
0
0
0
0
0
0
0
0
0
0
0
0
0
0
0
0
0
0
0
0
0
0
0
0
0
0
0
0
0
0
0
0
0
0
0
0
0
0
0
0
0
0
0
0
0
0
0
0
0
0
0
0
0
0
0
0
0
0
0
0
0
0
0
0
0
0
0
0
0
0
0
0
0
0
0
0
0
0
0
0
0
0
0
0
0
0
0
0
0
0
0
0
0
0
0
0
0
0
0
0
0
0
0
0
0
0
0
0
0
0
0
0
0
0
0
0
0
0
0
0
0
0
0
0
0
0
0
0
0
0
0
0
0
0
0
0
0
0
0
0
0
0
0
0
0
0
0
0
0
0
0
0
0
0
0
0
0
0
0
0
0
0
0
0
0
0
0
0
0
0
0
0
0
0
0
0
0
0
0
0
0
0
0
0
0
0
0
0
0
0
0
0
0
0
0
0
0
0
0
0
0
0
0
0
0
0
0
0
0
0
0
0
0
0
0
0
0
0
0
0
0
0
0
0
0
0
0
0
0
0
0
0
0
0
0
0
0
0
0
0
0
0
0
0
0
0
0
0
0
0
0
0
0
0
0
0
0
0
0
0
0
0
0
0
0
0
0
0
0
0
0
0
0
0
0
0
0
0
0
0
0
0
0
0
0
0
0
0
0
0
0
-110
-548
-986
-1424
-1862
-2302
-2740
-3178
-3616
-4054
-4492
-4932
-5370
-5808
-6246
-6684
-7124
-7562
-8000
-8438
-8876
-9314
-9754
-10192
-10630
-11068
-11506
-11944
-12384
-12822
-13260
-13698
-14136
-14574
-15014
-15452
-15890
-16328
-16766
-17204
-17644
-18082
-18520
-18958
-19396
-19834
-20274
-20712
-21150
-21588
-22026
-22464
-22904
-23342
-23780
-24218
-24656
-25096
-25534
-25972
-26410
-26848
-27286
-27726
-28164
-28602
-29040
-29478
-29916
-30356
-30794
-31232
-31670
-32108
-32546
-32656
-32218
-31780
-31342
-30904
-30464
-30026
-29588
-29150
-28712
-28274
-27834
-27396
-26958
-26520
-26082
-25642
-25204
-24766
-24328
-23890
-23452
-23012
-22574
-22136
-21698
-21260
-20822
-20382
-19944
-19506
-19068
-18630
-18192
-17752
-17314
-16876
-16438
-16000
-15562
-15122
-14684
-14246
-13808
-13370
-12932
-12492
-12054
-11616
-11178
-10740
-10302
-9862
-9424
-8986
-8548
-8110
-7670
-7232
-6794
-6356
-5918
-5480
-5040
-4602
-4164
-3726
-3288
-2850
-2410
-1972
-1534
-1096
-658
-220
0
0
0
0
0
0
0
0
0
0
0
0
0
0
0
0
0
0
0
0
0
0
0
0
0
0
0
0
0
0
0
0
0
0
0
0
0
0
0
0
0
0
0
0
0
0
0
0
0
0
0
0
0
0
0
0
0
0
0
0
0
0
0
0
0
0
0
0
0
0
0
0
0
0
0
0
0
0
0
0
0
0
0
0
0
0
0
0
0
0
0
0
0
0
0
0
0
0
0
0
0
0
0
0
0
0
0
0
0
0
0
0
0
0
0
0
0
0
0
0
0
0
0
0
0
0
0
0
0
0
0
0
0
0
0
0
0
0
0
0
0
0
0
0
0
0
0
0
0
0
0
0
0
0
0
0
0
0
0
0
0
0
0
0
0
0
0
0
0
0
0
0
0
0
0
0
0
0
0
0
0
0
0
0
0
0
0
0
0
0
0
0
0
0
0
0
0
0
0
0
0
0
0
0
0
0
0
0
0
438
876
1316
1754
2192
2630
3068
3506
3946
4384
4822
5260
5698
6136
6576
7014
7452
7890
8328
8766
9206
9644
10082
10520
10958
11396
11836
12274
12712
13150
13588
14026
14466
14904
15342
15780
16218
16656
17096
17534
17972
18410
18848
19288
19726
20164
20602
21040
21478
21918
22356
22794
23232
23670
24108
24548
24986
25424
25862
26300
26738
27178
27616
28054
28492
28930
29368
29808
30246
30684
31122
31560
31998
32438
32766
32328
31890
31450
31012
30574
30136
29698
29260
28820
28382
27944
27506
27068
26630
26190
25752
25314
24876
24438
24000
23560
23122
22684
22246
21808
21370
20930
20492
20054
19616
19178
18740
18300
17862
17424
16986
16548
16110
15670
15232
14794
14356
13918
13478
13040
12602
12164
11726
11288
10848
10410
9972
9534
9096
8658
8218
7780
7342
6904
6466
6028
5588
5150
4712
4274
3836
3398
2958
2520
2082
1644
1206
768
328
0
0
0
0
0
0
0
0
0
0
0
0
0
0
0
0
0
0
0
0
0
0
0
0
0
0
0
0
0
0
0
0
0
0
0
0
0
0
0
0
0
0
0
0
0
0
0
0
0
0
0
0
0
0
0
0
0
0
0
0
0
0
0
0
0
0
0
0
0
0
0
0
0
0
0
0
0
0
0
0
0
0
0
0
0
0
0
0
0
0
0
0
0
0
0
0
0
0
0
0
0
0
0
0
0
0
0
0
0
0
0
0
0
0
0
0
0
0
0
0
0
0
0
0
0
0
0
0
0
0
0
0
0
0
0
0
0
0
0
0
0
0
0
0
0
0
0
0
0
0
0
0
0
0
0
0
0
0
0
0
0
0
0
0
0
0
0
0
0
0
0
0
0
0
0
0
0
0
0
0
0
0
0
0
0
0
0
0
0
0
0
0
0
0
0
0
0
0
0
0
0
0
0
0
0
0
0
0
0
0
0
0
0
0
0
0
0
0
0
0
0
0
0
0
0
0
0
0
0
0
0
0
0
0
0
0
0
0
0
0
0
0
0
0
0
0
0
0
0
0
0
0
0
0
0
0
0
0
0
0
0
0
0
0
0
0
0
0
0
0
0
0
0
0
0
0
0
0
0
0
0
0
0
0
0
0
0
0
0
0
0
0
0
0
0
0
0
0
0
0
0
0
0
0
0
0
0
0
0
0
0
0
0
0
0
0
0
0
0
0
0
0
0
0
0
0
0
0
0
0
0
0
0
0
0
0
0
0
0
0
0
0
0
0
0
0
0
0
0
0
0
0
0
0
0
0
0
0
0
0
0
0
0
0
0
0
0
0
0
0
0
0
0
0
0
0
-438
-876
-1316
-1754
-2192
-2630
-3068
-3506
-3946
-4384
-4822
-5260
-5698
-6136
-6576
-7014
-7452
-7890
-8328
-8766
-9206
-9644
-10082
-10520
-10958
-11396
-11836
-12274
-12712
-13150
-13588
-14026
-14466
-14904
-15342
-15780
-16218
-16656
-17096
-17534
-17972
-18410
-18848
-19288
-19726
-20164
-20602
-21040
-21478
-21918
-22356
-22794
-23232
-23670
-24108
-24548
-24986
-25424
-25862
-26300
-26738
-27178
-27616
-28054
-28492
-28930
-29368
-29808
-30246
-30684
-31122
-31560
-31998
-32438
-32766
-32328
-31890
-31450
-31012
-30574
-30136
-29698
-29260
-28820
-28382
-27944
-27506
-27068
-26630
-26190
-25752
-25314
-24876
-24438
-24000
-23560
-23122
-22684
-22246
-21808
-21370
-20930
-20492
-20054
-19616
-19178
-18740
-18300
-17862
-17424
-16986
-16548
-16110
-15670
-15232
-14794
-14356
-13918
-13478
-13040
-12602
-12164
-11726
-11288
-10848
-10410
-9972
-9534
-9096
-8658
-8218
-7780
-7342
-6904
-6466
-6028
-5588
-5150
-4712
-4274
-3836
-3398
-2958
-2520
-2082
-1644
-1206
-768
-328
0
0
0
0
0
0
0
0
0
0
0
0
0
0
0
0
0
0
0
0
0
0
0
0
0
0
0
0
0
0
0
0
0
0
0
0
0
0
0
0
0
0
0
0
0
0
0
0
0
0
0
0
0
0
0
0
0
0
0
0
0
0
0
0
0
0
0
0
0
0
0
0
0
0
0
0
0
0
0
0
0
0
0
0
0
0
0
0
0
0
0
0
0
0
0
0
0
0
0
0
0
0
0
0
0
0
0
0
0
0
0
0
0
0
0
0
0
0
0
0
0
0
0
0
0
0
438
876
1316
1754
2192
2630
3068
3506
3946
4384
4822
5260
5698
6136
6576
7014
7452
7890
8328
8766
9206
9644
10082
10520
10958
11396
11836
12274
12712
13150
13588
14026
14466
14904
15342
15780
16218
16656
17096
17534
17972
18410
18848
19288
19726
20164
20602
21040
21478
21918
22356
22794
23232
23670
24108
24548
24986
25424
25862
26300
26738
27178
27616
28054
28492
28930
29368
29808
30246
30684
31122
31560
31998
32438
32766
32328
31890
31450
31012
30574
30136
29698
29260
28820
28382
27944
27506
27068
26630
26190
25752
25314
24876
24438
24000
23560
23122
22684
22246
21808
21370
20930
20492
20054
19616
19178
18740
18300
17862
17424
16986
16548
16110
15670
15232
14794
14356
13918
13478
13040
12602
12164
11726
11288
10848
10410
9972
9534
9096
8658
8218
7780
7342
6904
6466
6028
5588
5150
4712
4274
3836
3398
2958
2520
2082
1644
1206
768
328
0
0
0
0
0
0
0
0
0
0
0
0
0
0
0
0
0
0
0
0
0
0
0
0
0
0
0
0
0
0
0
0
0
0
0
0
0
0
0
0
0
0
0
0
0
0
0
0
0
0
0
0
0
0
0
0
0
0
0
0
0
0
0
0
0
0
0
0
0
0
0
0
0
0
0
0
0
0
0
0
0
0
0
0
0
0
0
0
0
0
0
0
0
0
0
0
0
0
0
0
0
0
0
0
0
0
0
0
0
0
0
0
0
0
0
0
0
0
0
0
0
0
0
0
0
0
0
0
0
0
0
0
0
0
0
0
0
0
0
0
0
0
0
0
0
0
0
0
0
0
0
0
0
0
0
0
0
0
0
0
0
0
0
0
0
0
0
0
0
0
0
0
0
0
0
0
0
0
0
0
0
0
0
0
0
0
0
0
0
0
0
0
0
0
0
0
0
0
0
0
0
0
0
0
0
0
0
0
0
0
0
0
0
0
0
0
0
0
0
0
0
0
0
0
0
0
0
0
0
0
0
0
0
0
0
0
0
0
0
0
0
0
0
0
0
0
0
0
0
0
0
0
0
0
0
0
0
0
0
0
0
0
0
0
0
0
0
0
0
0
0
0
0
0
0
0
0
0
0
0
0
0
0
0
0
0
0
0
0
0
0
0
0
0
0
0
0
0
0
0
0
0
0
0
0
0
0
0
0
0
0
0
0
0
0
0
0
0
0
0
0
0
0
0
0
0
0
0
0
0
0
0
0
0
0
0
0
0
0
0
0
0
0
0
0
0
0
0
0
0
0
0
0
0
0
0
0
0
0
0
0
0
0
0
0
0
0
0
0
0
0
0
0
0
0
0
-438
-876
-1316
-1754
-2192
-2630
-3068
-3506
-3946
-4384
-4822
-5260
-5698
-6136
-6576
-7014
-7452
-7890
-8328
-8766
-9206
-9644
-10082
-10520
-10958
-11396
-11836
-12274
-12712
-13150
-13588
-14026
-14466
-14904
-15342
-15780
-16218
-16656
-17096
-17534
-17972
-18410
-18848
-19288
-19726
-20164
-20602
-21040
-21478
-21918
-22356
-22794
-23232
-23670
-24108
-24548
-24986
-25424
-25862
-26300
-26738
-27178
-27616
-28054
-28492
-28930
-29368
-29808
-30246
-30684
-31122
-31560
-31998
-32438
-32766
-32328
-31890
-31450
-31012
-30574
-30136
-29698
-29260
-28820
-28382
-27944
-27506
-27068
-26630
-26190
-25752
-25314
-24876
-24438
-24000
-23560
-23122
-22684
-22246
-21808
-21370
-20930
-20492
-20054
-19616
-19178
-18740
-18300
-17862
-17424
-16986
-16548
-16110
-15670
-15232
-14794
-14356
-13918
-13478
-13040
-12602
-12164
-11726
-11288
-10848
-10410
-9972
-9534
-9096
-8658
-8218
-7780
-7342
-6904
-6466
-6028
-5588
-5150
-4712
-4274
-3836
-3398
-2958
-2520
-2082
-1644
-1206
-768
-328
0
0
0
0
0
0
0
0
0
0
0
0
0
0
0
0
0
0
0
0
0
0
0
0
0
0
0
0
0
0
0
0
0
0
0
0
0
0
0
0
0
0
0
0
0
0
0
0
0
0
0
0
0
0
0
0
0
0
0
0
0
0
0
0
0
0
0
0
0
0
0
0
0
0
0
0
0
0
0
0
0
0
0
0
0
0
0
0
0
0
0
0
0
0
0
0
0
0
0
0
0
0
0
0
0
0
0
0
0
0
0
0
0
0
0
0
0
0
0
0
0
0
0
0
0
0
0
0
0
0
0
0
0
0
0
0
0
0
0
0
0
0
0
0
0
0
0
0
0
0
0
0
0
0
0
0
0
0
0
0
0
0
0
0
0
0
0
0
0
0
0
0
0
0
0
0
0
0
0
0
0
0
0
0
0
0
0
0
0
0
0
0
0
0
0
0
0
0
0
0
0
0
0
0
0
0
0
0
0
0
0
0
0
0
0
0
0
0
0
0
0
0
0
0
0
0
0
0
0
0
0
0
0
0
0
0
0
0
0
0
0
0
0
0
0
0
0
0
0
0
0
0
0
0
0
0
0
0
0
0
0
0
0
0
0
0
0
0
0
0
0
0
0
0
0
0
0
0
0
0
0
0
0
0
0
0
0
0
0
0
0
0
0
0
0
0
0
0
0
0
0
0
0
0
0
0
0
0
0
0
0
0
0
0
0
0
0
0
0
0
0
0
0
0
0
0
0
0
0
0
0
0
0
0
328
768
1206
1644
2082
2520
2958
3398
3836
4274
4712
5150
5588
6028
6466
6904
7342
7780
8218
8658
9096
9534
9972
10410
10848
11288
11726
12164
12602
13040
13478
13918
14356
14794
15232
15670
16110
16548
16986
17424
17862
18300
18740
19178
19616
20054
20492
20930
21370
21808
22246
22684
23122
23560
24000
24438
24876
25314
25752
26190
26630
27068
27506
27944
28382
28820
29260
29698
30136
30574
31012
31450
31890
32328
32766
32766
32766
32766
32766
32766
32766
32766
32766
32766
32766
32766
32766
32766
32766
32766
32766
32766
32766
32766
32766
32766
32766
32766
32766
32766
32766
32766
32766
32766
32766
32766
32766
32766
32766
32766
32766
32766
32766
32766
32766
32766
32766
32766
32766
32766
32766
32766
32766
32766
32766
32766
32766
32766
32766
32766
32766
32766
32766
32766
32766
32766
32766
32766
32766
32766
32766
32766
32766
32766
32766
32766
32766
32766
32766
32766
32766
32766
32766
32766
32766
32766
32766
32766
32766
32766
32766
32766
32766
32766
32766
32766
32766
32766
32766
32766
32766
32766
32766
32766
32766
32766
32766
32766
32766
32766
32766
32766
32766
32766
32766
32766
32766
32766
32766
32766
32766
32766
32766
32766
32766
32766
32766
32766
32766
32766
32766
32766
32766
32766
32766
32766
32766
32766
32766
32766
32766
32766
32766
32766
32766
32766
32766
32766
32766
32766
32766
32766
32766
32766
32766
32766
32766
32766
32766
32766
32766
32766
32766
32766
32766
32766
32766
32766
32766
32766
32766
32766
32766
32766
32766
32766
32766
32766
32766
32766
32766
32766
32766
32766
32766
32766
32766
32766
32766
32766
32766
32766
32766
32766
32766
32766
32766
32766
32766
32766
32766
32766
32766
32766
32766
32766
32766
32766
32766
32766
32766
32766
32766
32766
32766
32766
32766
32766
32766
32766
32766
32766
32766
32766
32766
32766
32766
32766
32766
32766
32766
32766
32766
32766
32766
32766
32766
32766
32766
32766
32766
32766
32766
32766
32766
32766
32766
32766
32766
32766
32766
32766
32766
32766
32766
32438
31998
31560
31122
30684
30246
29808
29368
28930
28492
28054
27616
27178
26738
26300
25862
25424
24986
24548
24108
23670
23232
22794
22356
21918
21478
21040
20602
20164
19726
19288
18848
18410
17972
17534
17096
16656
16218
15780
15342
14904
14466
14026
13588
13150
12712
12274
11836
11396
10958
10520
10082
9644
9206
8766
8328
7890
7452
7014
6576
6136
5698
5260
4822
4384
3946
3506
3068
2630
2192
1754
1316
876
438
0
0
0
0
0
0
0
0
0
0
0
0
0
0
0
0
0
0
0
0
0
0
0
0
0
0
0
0
0
0
0
0
0
0
0
0
0
0
0
0
0
0
0
0
0
0
0
0
0
0
0
0
0
0
0
0
0
0
0
0
0
0
0
0
0
0
0
0
0
0
0
0
0
0
0
0
0
0
0
0
0
0
0
0
0
0
0
0
0
0
0
0
0
0
0
0
0
0
0
0
0
0
0
0
0
0
0
0
0
0
0
0
0
0
0
0
0
0
0
0
0
0
0
0
0
0
