0
0
0
0
0
0
0
0
0
0
0
0
0
0
0
0
0
0
0
0
0
0
0
0
0
0
0
0
0
0
0
0
0
0
0
0
0
0
0
0
0
0
0
0
0
0
0
0
0
0
0
0
0
0
0
0
0
0
0
0
0
0
0
0
0
0
0
0
0
0
0
0
0
0
0
0
0
0
0
0
0
0
0
0
0
0
0
0
0
0
0
0
0
0
0
0
0
0
0
0
0
0
0
0
0
0
0
0
0
0
0
0
0
0
0
0
0
0
0
0
0
0
0
0
0
0
0
0
0
0
0
0
0
0
0
0
0
0
0
0
0
0
0
0
0
0
0
0
0
0
0
0
0
0
0
0
0
0
0
0
0
0
0
0
0
0
0
0
0
0
0
0
0
0
0
0
0
0
0
0
0
0
0
0
0
0
0
0
0
0
0
0
0
0
0
0
0
0
0
0
0
0
0
0
0
0
0
0
0
0
0
0
0
0
0
0
0
0
0
0
0
0
0
0
0
0
0
0
0
0
0
0
0
0
0
0
0
0
0
0
0
0
0
0
0
0
0
0
0
0
0
0
0
0
0
0
0
0
0
0
0
0
0
0
0
0
0
0
0
0
0
0
0
0
0
0
0
0
0
0
0
0
0
0
0
0
0
0
0
0
0
0
0
0
0
0
0
0
0
0
0
0
0
0
0
0
0
0
0
0
0
0
0
0
0
0
0
0
0
0
0
0
0
0
0
0
0
0
0
0
0
0
0
0
0
0
0
0
0
0
0
0
0
0
0
0
0
0
0
0
0
0
0
0
0
0
0
0
0
0
0
0
0
0
0
0
0
0
0
0
0
0
0
0
0
0
0
0
0
0
0
0
0
0
0
0
0
0
0
0
0
0
0
0
0
0
0
0
0
0
436
872
1310
1748
2184
2622
3058
3496
3934
4366
4806
5242
5678
6116
6554
6990
7428
7864
8300
8740
9172
9612
10048
10488
10922
11358
11796
12234
12670
13106
13544
13982
14418
14854
15290
15728
16164
16602
17038
17476
17912
18348
18788
19222
19660
20096
20532
20970
21408
21844
22282
22718
23154
23594
24026
24466
24902
25338
25776
26212
26650
27088
27524
27960
28400
28832
29270
29708
30144
30582
31018
31456
31894
32330
32766
32766
32766
32766
32766
32766
32766
32766
32766
32766
32766
32766
32766
32766
32766
32766
32766
32766
32766
32766
32766
32766
32766
32766
32766
32766
32766
32766
32766
32766
32766
32766
32766
32766
32766
32766
32766
32766
32766
32766
32766
32766
32766
32766
32766
32766
32766
32766
32766
32766
32766
32766
32766
32766
32766
32766
32766
32766
32766
32766
32766
32766
32766
32766
32766
32766
32766
32766
32766
32766
32766
32766
32766
32766
32766
32766
32766
32766
32766
32766
32766
32766
32766
32766
32766
32766
32766
32766
32766
32766
32766
32766
32766
32766
32766
32766
32766
32766
32766
32766
32766
32766
32766
32766
32766
32766
32766
32766
32766
32766
32766
32766
32766
32766
32766
32766
32766
32766
32766
32766
32766
32766
32766
32766
32766
32766
32766
32330
31894
31456
31018
30582
30144
29708
29270
28832
28400
27960
27524
27088
26650
26212
25776
25338
24902
24466
24026
23594
23154
22718
22282
21844
21408
20970
20532
20096
19660
19222
18788
18348
17912
17476
17038
16602
16164
15728
15290
14854
14418
13982
13544
13106
12670
12234
11796
11358
10922
10488
10048
9612
9172
8740
8300
7864
7428
6990
6554
6116
5678
5242
4806
4366
3934
3496
3058
2622
2184
1748
1310
872
436
0
0
0
0
0
0
0
0
0
0
0
0
0
0
0
0
0
0
0
0
0
0
0
0
0
0
0
0
0
0
0
0
0
0
0
0
0
0
0
0
0
0
0
0
0
0
0
0
0
0
0
0
0
0
0
0
0
0
0
0
0
0
0
0
0
0
0
0
0
0
0
0
0
0
0
0
0
0
0
0
0
0
0
0
0
0
0
0
0
0
0
0
0
0
0
0
0
0
0
0
0
0
0
0
0
0
0
0
0
0
0
0
0
0
0
0
0
0
0
0
0
0
0
0
0
0
0
0
0
0
0
0
0
0
0
0
0
0
0
0
0
0
0
0
0
0
0
0
0
0
0
0
0
0
0
0
0
0
0
0
0
0
0
0
0
0
0
0
0
0
0
0
0
0
0
0
0
0
0
0
0
0
0
0
0
0
0
0
0
0
0
0
0
0
0
0
0
0
0
0
0
0
0
0
0
0
0
0
0
0
0
0
0
0
0
0
0
0
0
0
0
0
0
0
0
0
0
0
0
0
0
0
0
0
0
0
0
0
0
0
0
0
0
0
0
0
0
0
0
0
0
0
0
0
0
0
0
0
0
0
0
0
0
0
0
0
0
0
0
0
0
0
0
0
0
0
0
0
0
0
0
0
0
0
0
0
0
0
0
0
0
0
0
0
0
0
0
0
0
0
0
0
0
0
0
0
0
0
0
0
0
0
0
0
0
0
0
0
0
0
0
0
0
0
0
0
0
0
0
0
0
0
0
0
0
0
0
0
0
0
0
0
0
0
0
0
0
0
0
0
0
0
0
0
0
0
0
0
0
0
0
0
0
0
0
0
0
0
0
0
0
0
0
0
0
0
0
0
0
0
0
0
0
0
0
0
0
0
0
0
0
0
0
0
0
0
0
0
0
0
0
0
0
0
0
0
0
0
0
0
0
0
0
0
0
0
0
0
0
0
0
0
0
0
0
0
0
0
0
0
0
0
0
0
0
0
0
0
0
0
0
0
0
0
0
0
0
0
0
0
0
0
0
0
0
0
0
0
0
0
0
0
0
0
0
0
0
0
0
0
0
0
0
0
0
0
0
0
0
0
0
0
0
0
0
0
0
0
0
0
0
0
0
0
0
0
0
0
0
0
0
0
0
0
0
0
0
0
0
0
0
0
0
0
0
0
0
0
0
0
0
0
0
0
0
0
0
0
0
0
0
0
0
0
0
0
0
0
0
0
0
0
0
0
0
0
0
0
0
0
0
0
0
0
0
0
0
0
0
0
0
0
0
0
0
0
0
0
0
0
0
0
0
0
0
0
0
0
0
0
0
0
0
0
0
0
0
0
0
0
0
0
0
0
0
0
0
0
0
0
0
0
0
0
0
0
0
0
0
0
0
0
0
0
0
0
0
0
0
0
0
0
0
0
0
0
0
0
0
0
0
0
0
0
0
0
0
0
0
0
0
0
0
0
0
0
0
0
0
0
0
0
0
0
0
0
0
0
0
0
0
0
0
0
0
0
0
0
0
0
0
0
0
0
0
0
0
0
0
0
0
0
0
0
0
0
0
0
0
0
0
0
0
0
0
0
0
0
0
0
0
0
0
0
0
0
0
0
0
0
0
0
0
0
0
0
0
0
0
0
0
0
0
0
0
0
0
0
0
0
0
0
0
0
0
0
0
0
0
0
0
0
0
0
0
0
0
0
0
0
0
0
0
0
0
0
0
0
0
0
0
0
0
0
0
0
0
0
0
0
0
0
0
0
0
0
0
0
0
0
0
0
0
0
0
0
0
0
0
0
0
0
0
0
0
0
0
0
0
0
0
0
0
0
0
0
0
0
0
0
0
0
0
0
0
0
0
0
0
0
0
0
0
0
0
0
0
0
0
0
0
0
0
0
0
0
0
0
0
0
0
0
0
0
0
0
0
0
0
0
0
0
0
0
0
0
0
0
0
0
0
0
0
0
0
0
0
0
0
0
0
0
0
0
0
0
0
0
0
0
0
0
0
0
0
0
0
0
0
0
0
0
0
0
0
0
0
0
0
0
0
0
0
0
0
0
0
0
0
0
0
0
0
0
0
0
0
0
0
0
0
0
0
0
0
0
0
0
0
0
0
0
0
0
0
0
0
0
0
0
0
0
0
0
0
0
0
0
0
0
0
0
0
0
0
0
0
0
0
0
0
0
0
0
0
0
0
0
0
0
0
0
0
0
0
0
0
0
0
0
0
0
0
0
0
0
0
0
0
0
0
0
0
0
0
0
0
0
0
0
0
0
0
0
0
0
0
0
0
0
0
0
0
0
0
0
0
0
0
0
0
0
0
0
0
0
0
0
0
0
0
0
0
0
0
0
0
0
0
0
0
0
0
0
0
0
0
0
0
0
0
0
0
0
0
0
0
0
0
0
0
0
0
0
0
0
0
0
0
0
0
0
0
0
0
0
0
0
0
0
0
0
0
0
0
0
0
0
0
0
0
0
0
0
0
0
0
0
0
0
0
0
0
0
0
0
0
0
0
0
0
0
0
0
0
0
0
0
0
0
0
0
0
0
0
0
0
0
0
0
0
0
0
0
0
0
0
0
0
0
0
0
0
0
0
0
0
0
0
0
0
0
0
0
0
0
0
0
0
0
0
0
0
0
0
0
0
0
0
0
0
0
0
0
0
0
0
0
0
0
0
0
0
0
0
0
0
0
0
0
0
0
0
0
0
0
0
0
0
0
0
0
0
0
0
0
0
0
0
0
0
0
0
0
0
0
0
0
0
0
0
0
0
0
0
0
0
0
0
0
0
0
0
0
0
0
0
0
0
0
0
0
0
0
0
0
0
0
0
0
-436
-872
-1310
-1748
-2184
-2622
-3058
-3496
-3934
-4366
-4806
-5242
-5678
-6116
-6554
-6990
-7428
-7864
-8300
-8740
-9172
-9612
-10048
-10488
-10922
-11358
-11796
-12234
-12670
-13106
-13544
-13982
-14418
-14854
-15290
-15728
-16164
-16602
-17038
-17476
-17912
-18348
-18788
-19222
-19660
-20096
-20532
-20970
-21408
-21844
-22282
-22718
-23154
-23594
-24026
-24466
-24902
-25338
-25776
-26212
-26650
-27088
-27524
-27960
-28400
-28832
-29270
-29708
-30144
-30582
-31018
-31456
-31894
-32330
-32766
-32766
-32766
-32766
-32766
-32766
-32766
-32766
-32766
-32766
-32766
-32766
-32766
-32766
-32766
-32766
-32766
-32766
-32766
-32766
-32766
-32766
-32766
-32766
-32766
-32766
-32766
-32766
-32766
-32766
-32766
-32766
-32766
-32766
-32766
-32766
-32766
-32766
-32766
-32766
-32766
-32766
-32766
-32766
-32766
-32766
-32766
-32766
-32766
-32766
-32766
-32766
-32766
-32766
-32766
-32766
-32766
-32766
-32766
-32766
-32766
-32766
-32766
-32766
-32766
-32766
-32766
-32766
-32766
-32766
-32766
-32766
-32766
-32766
-32766
-32766
-32766
-32766
-32766
-32766
-32766
-32766
-32766
-32766
-32766
-32766
-32766
-32766
-32766
-32766
-32766
-32766
-32766
-32766
-32766
-32766
-32766
-32766
-32766
-32766
-32766
-32766
-32766
-32766
-32766
-32766
-32766
-32766
-32766
-32766
-32766
-32766
-32766
-32766
-32766
-32766
-32766
-32766
-32766
-32766
-32766
-32766
-32766
-32766
-32766
-32766
-32766
-32330
-31894
-31456
-31018
-30582
-30144
-29708
-29270
-28832
-28400
-27960
-27524
-27088
-26650
-26212
-25776
-25338
-24902
-24466
-24026
-23594
-23154
-22718
-22282
-21844
-21408
-20970
-20532
-20096
-19660
-19222
-18788
-18348
-17912
-17476
-17038
-16602
-16164
-15728
-15290
-14854
-14418
-13982
-13544
-13106
-12670
-12234
-11796
-11358
-10922
-10488
-10048
-9612
-9172
-8740
-8300
-7864
-7428
-6990
-6554
-6116
-5678
-5242
-4806
-4366
-3934
-3496
-3058
-2622
-2184
-1748
-1310
-872
-436
0
0
0
0
0
0
0
0
0
0
0
0
0
0
0
0
0
0
0
0
0
0
0
0
0
0
0
0
0
0
0
0
0
0
0
0
0
0
0
0
0
0
0
0
0
0
0
0
0
0
0
0
0
0
0
0
0
0
0
0
0
0
0
0
0
0
0
0
0
0
0
0
0
0
0
0
0
0
0
0
0
0
0
0
0
0
0
0
0
0
0
0
0
0
0
0
0
0
0
0
0
0
0
0
0
0
0
0
0
0
0
0
0
0
0
0
0
0
0
0
0
0
0
0
0
0
0
0
0
0
0
0
0
0
0
0
0
0
0
0
0
0
0
0
0
0
0
0
0
0
0
0
0
0
0
0
0
0
0
0
0
0
0
0
0
0
0
0
0
0
0
0
0
0
0
0
0
0
0
0
0
0
0
0
0
0
0
0
0
0
0
0
0
0
0
0
0
0
0
0
0
0
0
0
0
0
0
0
0
0
0
0
0
0
0
0
0
0
0
0
0
0
0
0
0
0
0
0
0
0
0
0
0
0
0
0
0
0
0
0
0
0
0
0
0
0
0
0
0
0
0
0
0
0
0
0
0
0
0
0
0
0
0
0
0
0
0
0
0
0
0
0
0
0
0
0
0
0
0
0
0
0
0
0
0
0
0
0
0
0
0
0
0
0
0
0
0
0
0
0
0
0
0
0
0
0
0
0
0
0
0
0
0
0
0
0
0
0
0
0
0
0
0
0
0
0
0
0
0
0
0
0
0
0
0
0
0
0
0
0
0
0
0
0
0
0
0
0
0
0
0
0
0
0
0
0
0
0
0
0
0
0
0
0
0
0
0
0
0
0
0
0
0
0
0
0
0
0
0
0
0
0
0
0
0
0
0
0
0
0
0
0
0
0
0
0
0
0
0
0
0
0
0
0
0
0
0
0
0
0
0
0
0
0
0
0
0
0
0
0
0
0
0
0
0
0
0
0
0
0
0
0
0
0
0
0
0
0
0
0
0
0
0
0
0
0
0
0
0
0
0
0
0
0
0
0
0
0
0
0
0
0
0
0
0
0
0
0
0
0
0
0
0
0
0
0
0
0
0
0
0
0
0
0
0
0
0
0
0
0
0
0
0
0
0
0
0
0
0
0
0
0
0
0
0
0
0
0
0
0
0
0
0
0
0
0
0
0
0
0
0
0
0
0
0
0
0
0
0
0
0
0
0
0
0
0
0
0
0
0
0
0
0
0
0
0
0
0
0
0
0
0
0
0
0
0
0
0
0
0
0
0
0
0
0
0
0
0
0
0
0
0
0
0
0
0
0
0
0
0
0
0
0
0
0
0
0
0
0
0
0
0
0
0
0
0
0
0
0
0
0
0
0
0
0
0
0
0
0
0
0
0
0
0
0
0
0
0
0
0
0
0
0
0
0
0
0
0
0
0
0
0
0
0
0
0
0
0
0
0
0
0
0
0
0
0
0
0
0
0
0
0
0
0
0
0
0
0
0
0
0
0
0
0
0
0
0
0
0
0
0
0
0
0
0
0
0
0
0
0
0
0
0
0
0
0
0
0
0
0
0
0
0
0
0
0
0
0
0
0
0
0
0
0
0
0
0
0
0
0
0
0
0
0
0
0
0
0
0
0
0
0
0
0
0
0
0
0
0
0
0
0
0
0
0
0
0
0
0
0
0
0
0
0
0
0
0
0
0
0
0
0
0
0
0
0
0
0
0
0
0
0
0
0
0
0
0
0
0
0
0
0
0
0
0
0
0
0
0
0
0
0
0
0
0
0
0
0
0
0
0
0
0
0
0
0
0
0
0
0
0
0
0
0
0
0
0
0
0
0
0
0
0
0
0
0
0
0
0
0
0
0
0
0
0
0
0
0
0
0
0
0
0
0
0
0
0
0
0
0
0
0
0
0
0
0
0
0
0
0
0
0
0
0
0
0
0
0
0
0
0
0
0
0
0
0
0
0
0
0
0
0
0
0
0
0
0
0
0
0
0
0
0
0
0
0
0
0
0
0
0
0
0
0
0
0
0
0
0
0
0
0
0
0
0
0
0
0
0
0
0
0
0
0
0
0
0
0
0
0
0
0
0
0
0
0
0
0
0
0
0
0
0
0
0
0
0
0
0
0
0
0
0
0
0
0
0
0
0
0
0
0
0
0
0
0
0
0
0
0
0
0
0
0
0
0
0
0
0
0
0
0
0
0
0
0
0
0
0
0
0
0
0
0
0
0
0
0
0
0
0
0
0
0
0
0
0
0
0
0
0
0
0
0
0
0
0
0
0
0
0
0
0
0
0
0
0
0
0
0
0
0
0
0
0
0
0
0
0
0
0
0
0
0
0
0
0
0
0
0
0
0
0
0
0
0
0
0
0
0
0
0
0
0
0
0
0
0
0
0
0
0
0
0
0
0
0
0
0
0
0
0
0
0
0
0
0
0
0
0
0
0
0
0
0
0
0
0
0
0
0
0
0
0
0
0
0
0
0
0
0
0
0
0
0
0
0
0
0
0
0
0
0
0
0
0
0
0
0
0
0
0
0
0
0
0
0
0
0
0
0
0
0
0
0
0
0
0
0
0
0
0
0
0
0
0
0
0
0
0
0
0
0
0
0
0
0
0
0
0
0
0
0
0
0
0
0
0
0
0
0
0
0
0
0
0
0
0
0
0
0
0
0
0
0
0
0
0
0
0
0
0
0
0
0
0
0
0
0
0
0
0
0
0
0
0
0
0
0
0
0
0
0
0
0
0
0
0
0
0
0
0
0
0
0
0
0
0
0
0
0
0
0
0
0
0
0
0
0
0
0
0
0
0
0
0
0
0
0
0
-436
-872
-1310
-1748
-2184
-2622
-3058
-3496
-3934
-4366
-4806
-5242
-5678
-6116
-6554
-6990
-7428
-7864
-8300
-8740
-9172
-9612
-10048
-10488
-10922
-11358
-11796
-12234
-12670
-13106
-13544
-13982
-14418
-14854
-15290
-15728
-16164
-16602
-17038
-17476
-17912
-18348
-18788
-19222
-19660
-20096
-20532
-20970
-21408
-21844
-22282
-22718
-23154
-23594
-24026
-24466
-24902
-25338
-25776
-26212
-26650
-27088
-27524
-27960
-28400
-28832
-29270
-29708
-30144
-30582
-31018
-31456
-31894
-32330
-32766
-32766
-32766
-32766
-32766
-32766
-32766
-32766
-32766
-32766
-32766
-32766
-32766
-32766
-32766
-32766
-32766
-32766
-32766
-32766
-32766
-32766
-32766
-32766
-32766
-32766
-32766
-32766
-32766
-32766
-32766
-32766
-32766
-32766
-32766
-32766
-32766
-32766
-32766
-32766
-32766
-32766
-32766
-32766
-32766
-32766
-32766
-32766
-32766
-32766
-32766
-32766
-32766
-32766
-32766
-32766
-32766
-32766
-32766
-32766
-32766
-32766
-32766
-32766
-32766
-32766
-32766
-32766
-32766
-32766
-32766
-32766
-32766
-32766
-32766
-32766
-32766
-32766
-32766
-32766
-32766
-32766
-32766
-32766
-32766
-32766
-32766
-32766
-32766
-32766
-32766
-32766
-32766
-32766
-32766
-32766
-32766
-32766
-32766
-32766
-32766
-32766
-32766
-32766
-32766
-32766
-32766
-32766
-32766
-32766
-32766
-32766
-32766
-32766
-32766
-32766
-32766
-32766
-32766
-32766
-32766
-32766
-32766
-32766
-32766
-32766
-32766
-32330
-31894
-31456
-31018
-30582
-30144
-29708
-29270
-28832
-28400
-27960
-27524
-27088
-26650
-26212
-25776
-25338
-24902
-24466
-24026
-23594
-23154
-22718
-22282
-21844
-21408
-20970
-20532
-20096
-19660
-19222
-18788
-18348
-17912
-17476
-17038
-16602
-16164
-15728
-15290
-14854
-14418
-13982
-13544
-13106
-12670
-12234
-11796
-11358
-10922
-10488
-10048
-9612
-9172
-8740
-8300
-7864
-7428
-6990
-6554
-6116
-5678
-5242
-4806
-4366
-3934
-3496
-3058
-2622
-2184
-1748
-1310
-872
-436
0
0
0
0
0
0
0
0
0
0
0
0
0
0
0
0
0
0
0
0
0
0
0
0
0
0
0
0
0
0
0
0
0
0
0
0
0
0
0
0
0
0
0
0
0
0
0
0
0
0
0
0
0
0
0
0
0
0
0
0
0
0
0
0
0
0
0
0
0
0
0
0
0
0
0
0
0
0
0
0
0
0
0
0
0
0
0
0
0
0
0
0
0
0
0
0
0
0
0
0
0
0
0
0
0
0
0
0
0
0
0
0
0
0
0
0
0
0
0
0
0
0
0
0
0
0
0
0
0
0
0
0
0
0
0
0
0
0
0
0
0
0
0
0
0
0
0
0
0
0
0
0
0
0
0
0
0
0
0
0
0
0
0
0
0
0
0
0
0
0
0
0
0
0
0
0
0
0
0
0
0
0
0
0
0
0
0
0
0
0
0
0
0
0
0
0
0
0
0
0
0
0
0
0
0
0
0
0
0
0
0
0
0
0
0
0
0
0
0
0
0
0
0
0
0
0
0
0
0
0
0
0
0
0
0
0
0
0
0
0
0
0
0
0
0
0
0
0
0
0
0
0
0
0
0
0
0
0
0
0
0
0
0
0
0
0
0
0
0
0
0
0
0
0
0
0
0
0
0
0
0
0
0
0
0
0
0
0
0
0
0
0
0
0
0
0
0
0
0
0
0
0
0
0
0
0
0
0
0
0
0
0
0
0
0
0
0
0
0
0
0
0
0
0
0
0
0
0
0
0
0
0
0
0
0
0
0
0
0
0
0
0
0
0
0
0
0
0
0
0
0
0
0
0
0
0
0
0
0
0
0
0
0
0
0
0
0
0
0
0
0
0
0
0
0
0
0
0
0
0
0
0
0
0
0
0
0
0
0
0
0
0
0
0
0
0
0
0
0
0
0
0
0
0
0
0
0
0
0
0
0
0
0
0
0
0
0
0
0
0
0
0
0
0
0
0
0
0
0
0
0
0
0
0
0
0
0
0
0
0
0
0
0
0
0
0
0
0
0
0
0
0
0
0
0
0
0
0
0
0
0
0
0
0
0
0
0
0
0
0
0
0
0
0
0
0
0
0
0
0
0
0
0
0
0
0
0
0
0
0
0
0
0
0
0
0
0
0
0
0
0
0
0
0
0
0
0
0
0
0
0
0
0
0
0
0
0
0
0
0
0
0
0
0
0
0
0
0
0
0
0
0
0
0
0
0
0
0
0
0
0
0
0
0
0
0
0
0
0
0
0
0
0
0
0
0
0
0
0
0
0
0
0
0
0
0
0
0
0
0
0
0
0
0
0
0
0
0
0
0
0
0
0
0
0
0
0
0
0
0
0
0
0
0
0
0
0
0
0
0
0
0
0
0
0
0
0
0
0
0
0
0
0
0
0
0
0
0
0
0
0
0
0
0
0
0
0
0
0
0
0
0
0
0
0
0
0
0
0
0
0
0
0
0
0
0
0
0
0
0
0
0
0
0
0
0
0
0
0
0
0
0
0
0
0
0
0
0
0
0
0
0
0
0
0
0
0
0
0
0
0
0
0
0
0
0
0
0
0
0
0
0
0
0
0
0
0
0
0
0
0
0
0
0
0
0
0
0
0
0
0
0
0
0
0
0
0
0
0
0
0
0
0
0
0
0
0
0
0
0
0
0
0
0
0
0
0
0
0
0
0
0
0
0
0
0
0
0
0
0
0
0
0
0
0
0
0
0
0
0
0
0
0
0
0
0
0
0
0
0
0
0
0
0
0
0
0
0
0
0
0
0
0
0
0
0
0
0
0
0
0
0
0
0
0
0
0
0
0
0
0
0
0
0
0
0
0
0
0
0
0
0
0
0
0
0
0
0
0
0
0
0
0
0
0
0
0
0
0
0
0
0
0
0
0
0
0
0
0
0
0
0
0
0
0
0
0
0
0
0
0
0
0
0
0
0
0
0
0
0
0
0
0
0
0
0
0
0
0
0
0
0
0
0
0
0
0
0
0
0
0
0
0
0
0
0
0
0
0
0
0
0
0
0
0
0
0
0
0
0
0
0
0
0
0
0
0
0
0
0
0
0
0
0
0
0
0
0
0
0
0
0
0
0
0
0
0
0
0
0
0
0
0
0
0
0
0
0
0
0
0
0
0
0
0
0
0
0
0
0
0
0
0
0
0
0
0
0
0
0
0
0
0
0
0
0
0
0
0
0
0
0
0
0
0
0
0
0
0
0
0
0
0
0
0
0
0
0
0
0
0
0
0
0
0
0
0
0
0
0
0
0
0
0
0
0
0
0
0
0
0
0
0
0
0
0
0
0
0
0
0
0
0
0
0
0
0
0
0
0
0
0
0
0
0
0
0
0
0
0
0
0
0
0
0
0
0
0
0
0
0
0
0
0
0
0
0
0
0
0
0
0
0
0
0
0
0
0
0
0
0
0
0
0
0
0
0
0
0
0
0
0
0
0
0
0
0
0
0
0
0
0
0
0
0
0
0
0
0
0
0
0
0
0
0
0
0
0
0
0
0
0
0
0
0
0
0
0
0
0
0
0
0
0
0
0
0
0
0
0
0
0
0
0
0
0
0
0
0
0
0
0
0
0
0
0
0
0
0
0
0
0
0
0
0
0
0
0
0
0
0
0
0
0
0
0
0
0
0
0
0
0
0
0
0
0
0
0
0
0
0
0
0
0
0
0
0
0
0
0
0
0
0
0
0
0
0
0
0
0
0
0
0
0
0
0
0
0
0
0
0
0
0
0
0
0
0
0
0
0
0
0
0
0
0
0
0
0
0
0
0
0
0
0
0
0
0
0
0
0
0
0
0
0
0
0
0
0
0
0
436
872
1310
1748
2184
2622
3058
3496
3934
4366
4806
5242
5678
6116
6554
6990
7428
7864
8300
8740
9172
9612
10048
10488
10922
11358
11796
12234
12670
13106
13544
13982
14418
14854
15290
15728
16164
16602
17038
17476
17912
18348
18788
19222
19660
20096
20532
20970
21408
21844
22282
22718
23154
23594
24026
24466
24902
25338
25776
26212
26650
27088
27524
27960
28400
28832
29270
29708
30144
30582
31018
31456
31894
32330
32766
32766
32766
32766
32766
32766
32766
32766
32766
32766
32766
32766
32766
32766
32766
32766
32766
32766
32766
32766
32766
32766
32766
32766
32766
32766
32766
32766
32766
32766
32766
32766
32766
32766
32766
32766
32766
32766
32766
32766
32766
32766
32766
32766
32766
32766
32766
32766
32766
32766
32766
32766
32766
32766
32766
32766
32766
32766
32766
32766
32766
32766
32766
32766
32766
32766
32766
32766
32766
32766
32766
32766
32766
32766
32766
32766
32766
32766
32766
32766
32766
32766
32766
32766
32766
32766
32766
32766
32766
32766
32766
32766
32766
32766
32766
32766
32766
32766
32766
32766
32766
32766
32766
32766
32766
32766
32766
32766
32766
32766
32766
32766
32766
32766
32766
32766
32766
32766
32766
32766
32766
32766
32766
32766
32766
32766
32766
32330
31894
31456
31018
30582
30144
29708
29270
28832
28400
27960
27524
27088
26650
26212
25776
25338
24902
24466
24026
23594
23154
22718
22282
21844
21408
20970
20532
20096
19660
19222
18788
18348
17912
17476
17038
16602
16164
15728
15290
14854
14418
13982
13544
13106
12670
12234
11796
11358
10922
10488
10048
9612
9172
8740
8300
7864
7428
6990
6554
6116
5678
5242
4806
4366
3934
3496
3058
2622
2184
1748
1310
872
436
0
0
0
0
0
0
0
0
0
0
0
0
0
0
0
0
0
0
0
0
0
0
0
0
0
0
0
0
0
0
0
0
0
0
0
0
0
0
0
0
0
0
0
0
0
0
0
0
0
0
0
0
0
0
0
0
0
0
0
0
0
0
0
0
0
0
0
0
0
0
0
0
0
0
0
0
0
0
0
0
0
0
0
0
0
0
0
0
0
0
0
0
0
0
0
0
0
0
0
0
0
0
0
0
0
0
0
0
0
0
0
0
0
0
0
0
0
0
0
0
0
0
0
0
0
0
0
0
0
0
0
0
0
0
0
0
0
0
0
0
0
0
0
0
0
0
0
0
0
0
0
0
0
0
0
0
0
0
0
0
0
0
0
0
0
0
0
0
0
0
0
0
0
0
0
0
0
0
0
0
0
0
0
0
0
0
0
0
0
0
0
0
0
0
0
0
0
0
0
0
0
0
0
0
0
0
0
0
0
0
0
0
0
0
0
0
0
0
0
0
0
0
0
0
0
0
0
0
0
0
0
0
0
0
0
0
0
0
0
0
0
0
0
0
0
0
0
0
0
0
0
0
0
0
0
0
0
0
0
0
0
0
0
0
0
0
0
0
0
0
0
0
0
0
0
0
0
0
0
0
0
0
0
0
0
0
0
0
0
0
0
0
0
0
0
0
0
0
0
0
0
0
0
0
0
0
0
0
0
0
0
0
0
0
0
0
0
0
0
0
0
0
0
0
0
0
0
0
0
0
0
0
0
0
0
0
0
0
0
0
0
0
0
0
0
0
0
0
0
0
0
0
0
0
0
0
0
0
0
0
0
0
0
0
0
0
0
0
0
0
0
0
0
0
0
0
0
0
0
0
0
0
0
0
0
0
0
0
0
0
0
0
0
0
0
0
0
0
0
0
0
0
0
0
0
0
0
0
0
0
0
0
0
0
0
0
0
0
0
0
0
0
0
0
0
0
0
0
0
0
0
0
0
0
0
0
0
0
0
0
0
0
0
0
0
0
0
0
0
0
0
0
0
0
0
0
0
0
0
0
0
0
0
0
0
0
0
0
0
0
0
0
0
0
0
0
0
0
0
0
0
0
0
0
0
0
0
0
0
0
0
0
0
0
0
0
0
0
0
0
0
0
0
0
0
0
0
0
0
0
0
0
0
0
0
0
0
0
0
0
0
0
0
0
0
0
0
0
0
0
0
0
0
0
0
0
0
0
0
0
0
0
0
0
0
0
0
0
0
0
0
0
0
0
0
0
0
0
0
0
0
0
0
0
0
0
0
0
0
0
0
0
0
0
0
0
0
0
0
0
0
0
0
0
0
0
0
0
0
0
0
0
0
0
0
0
0
0
0
0
0
0
0
0
0
0
0
0
0
0
0
0
0
0
0
0
0
0
0
0
0
0
0
0
0
0
0
0
0
0
0
0
0
0
0
0
0
0
0
0
0
0
0
0
0
0
0
0
0
0
0
0
0
0
0
0
0
0
0
0
0
0
0
0
0
0
0
0
0
0
0
0
0
0
0
0
0
0
0
0
0
0
0
0
0
0
0
0
0
0
0
0
0
0
0
0
0
0
0
0
0
0
0
0
0
0
0
0
0
0
0
0
0
0
0
0
0
0
0
0
0
0
0
0
0
0
0
0
0
0
0
0
0
0
0
0
0
0
0
0
0
0
0
0
0
0
0
0
0
0
0
0
0
0
0
0
0
0
0
0
0
0
0
0
0
0
0
0
0
0
0
0
0
0
0
0
0
0
0
0
0
0
0
0
0
0
0
0
0
0
0
0
0
0
0
0
0
0
0
0
0
0
0
0
0
0
0
0
0
0
0
0
0
0
0
0
0
0
0
0
0
0
0
0
0
0
0
0
0
0
0
0
0
0
0
0
0
0
0
0
0
0
0
0
0
0
0
0
0
0
0
0
0
0
0
0
0
0
0
0
0
0
0
0
0
0
0
0
0
0
410
820
1228
1638
2048
2458
2868
3278
3686
4096
4506
4914
5326
5734
6144
6554
6962
7370
7784
8192
8602
9010
9420
9832
10242
10648
11058
11468
11876
12290
12696
13106
13516
13926
14334
14744
15154
15564
15974
16384
16792
17202
17612
18022
18432
18840
19250
19660
20070
20480
20890
21298
21708
22118
22524
22938
23346
23756
24164
24574
24986
25396
25804
26212
26622
27032
27444
27852
28260
28670
29080
29492
29898
30308
30718
31128
31538
31946
32356
32766
32766
32766
32766
32766
32766
32766
32766
32766
32766
32766
32766
32766
32766
32766
32766
32766
32766
32766
32766
32766
32766
32766
32766
32766
32766
32766
32766
32766
32766
32766
32766
32766
32766
32766
32766
32766
32766
32766
32766
32766
32766
32766
32766
32766
32766
32766
32766
32766
32766
32766
32766
32766
32766
32766
32766
32766
32766
32766
32766
32766
32766
32766
32766
32766
32766
32766
32766
32766
32766
32766
32766
32766
32766
32766
32766
32766
32766
32766
32766
32766
32766
32766
32766
32766
32766
32766
32766
32766
32766
32766
32766
32766
32766
32766
32766
32766
32766
32766
32766
32766
32766
32766
32766
32766
32766
32766
32766
32766
32766
32766
32766
32766
32766
32766
32766
32766
32766
32766
32766
32766
32766
32766
32766
32766
32766
32766
32766
32766
32766
32766
32766
32766
32766
32766
32766
32766
32766
32766
32766
32766
32766
32766
32766
32766
32766
32766
32766
32766
32766
32766
32766
32766
32766
32766
32766
32766
32766
32766
32766
32766
32766
32766
32766
32766
32766
32766
32766
32766
32766
32766
32766
32766
32766
32766
32766
32766
32766
32766
32766
32766
32766
32766
32766
32766
32766
32766
32766
32766
32766
32766
32766
32766
32766
32766
32766
32766
32766
32766
32766
32766
32766
32766
32766
32766
32766
32766
32766
32766
32766
32766
32766
32766
32766
32766
32766
32766
32766
32766
32766
32766
32766
32766
32766
32766
32766
32766
32766
32766
32766
32766
32766
32766
32766
32766
32766
32766
32766
32766
32766
32766
32766
32766
32766
32766
32766
32766
32766
32766
32766
32766
32766
32766
32766
32766
32766
32766
32766
32766
32766
32766
32766
32766
32766
32766
32766
32766
32766
32766
32766
32766
32766
32766
32766
32766
32766
32766
32766
32766
32766
32766
32766
32766
32766
32766
32766
32766
32766
32766
32766
32766
32766
32766
32766
32766
32766
32766
32766
32766
32766
32766
32766
32766
32766
32766
32766
32766
32766
32766
32766
32766
32766
32766
32766
32766
32766
32766
32766
32766
32766
32766
32766
32766
32766
32766
32766
32766
32766
32766
32766
32766
32766
32766
32766
32766
32766
32766
32766
32766
32766
32766
32766
32766
32766
32766
32766
32766
32766
32766
32766
32766
32766
32766
32766
32766
32766
32766
32766
32766
32766
32766
32766
32766
32766
32766
32766
32766
32766
32766
32766
32766
32766
32766
32766
32766
32766
32766
32766
32766
32766
32766
32766
32766
32766
32766
32766
32766
32766
32766
32766
32766
32766
32766
32766
32766
32766
32766
32766
32766
32766
32766
32766
32766
32766
32766
32766
32766
32766
32766
32766
32766
32766
32766
32766
32766
32766
32766
32766
32766
32766
32766
32766
32766
32766
32766
32766
32766
32766
32766
32766
32766
32766
32766
32766
32766
32766
32766
32766
32766
32766
32766
32766
32766
32766
32766
32766
32766
32766
32766
32766
32766
32766
32766
32766
32766
32766
32766
32766
32766
32766
32766
32766
32766
32766
32766
32766
32766
32766
32766
32766
32766
32766
32766
32766
32766
32766
32766
32766
32766
32766
32766
32766
32766
32766
32766
32766
32766
32766
32766
32766
32766
32766
32766
32766
32766
32766
32766
32766
32766
32766
32766
32766
32356
31946
31538
31128
30718
30308
29898
29492
29080
28670
28260
27852
27444
27032
26622
26212
25804
25396
24986
24574
24164
23756
23346
22938
22524
22118
21708
21298
20890
20480
20070
19660
19250
18840
18432
18022
17612
17202
16792
16384
15974
15564
15154
14744
14334
13926
13516
13106
12696
12290
11876
11468
11058
10648
10242
9832
9420
9010
8602
8192
7784
7370
6962
6554
6144
5734
5326
4914
4506
4096
3686
3278
2868
2458
2048
1638
1228
820
410
0
0
0
0
0
0
0
0
0
0
0
0
0
0
0
0
0
0
0
0
