9790
9790
9790
9790
9792
9792
9792
9792
9794
9794
9794
9796
9796
9798
9798
9800
9802
9802
9804
9806
9808
9808
9810
9812
9814
9816
9818
9820
9824
9826
9828
9830
9834
9836
9838
9842
9844
9848
9850
9854
9856
9860
9864
9868
9870
9874
9878
9882
9886
9890
9894
9898
9902
9908
9912
9916
9920
9926
9930
9936
9940
9946
9950
9956
9960
9966
9972
9978
9982
9988
9994
10000
10006
10012
10018
10024
10030
10038
10044
10050
10056
10064
10070
10078
10084
10092
10098
10106
10114
10120
10128
10136
10144
10152
10158
10166
10174
10182
10192
10200
10208
10216
10224
10234
10242
10250
10260
10268
10278
10286
10296
10306
10314
10324
10334
10344
10354
10364
10374
10384
10394
10404
10414
10424
10434
10444
10456
10466
10478
10488
10500
10510
10522
10532
10544
10556
10566
10578
10590
10602
10614
10626
10638
10650
10662
10674
10688
10700
10712
10724
10738
10750
10764
10776
10790
10802
10816
10830
10844
10856
10870
10884
10898
10912
10926
10940
10954
10970
10984
10998
11012
11028
11042
11058
11072
11088
11102
11118
11134
11148
11164
11180
11196
11212
11228
11244
11260
11276
11292
11308
11326
11342
11358
11376
11392
11410
11426
11444
11462
11478
11496
11514
11532
11550
11568
11586
11604
11622
11640
11658
11676
11696
11714
11732
11752
11770
11790
11810
11828
11848
11868
11886
11906
11926
11946
11966
11986
12006
12028
12048
12068
12088
12110
12130
12152
12172
12194
12216
12236
12258
12280
12302
12324
12346
12368
12390
12412
12434
12456
12478
12502
12524
12548
12570
12594
12616
12640
12664
12688
12710
12734
12758
12782
12806
12830
12856
12880
12904
12928
12954
12978
13004
13028
13054
13080
13104
13130
13156
13182
13208
13234
13260
13286
13314
13340
13366
13394
13420
13448
13474
13502
13528
13556
13584
13612
13640
13668
13696
13724
13752
13780
13810
13838
13868
13896
13926
13954
13984
14014
14042
14072
14102
14132
14162
14192
14224
14254
14284
14316
14346
14378
14408
14440
14472
14502
14534
14566
14598
14630
14662
14696
14728
14760
14794
14826
14860
14892
14926
14960
14992
15026
15060
15094
15128
15164
15198
15232
15268
15302
15338
15372
15408
15444
15478
15514
15550
15586
15622
15660
15696
15732
15770
15806
15844
15880
15918
15956
15994
16032
16070
16108
16146
16184
16224
16262
16302
16340
16380
16420
16460
16500
16540
16580
16620
16660
16700
16742
16782
16824
16866
16906
16948
16990
17032
17074
17116
17160
17202
17244
17288
17332
17374
17418
17462
17506
17550
17594
17640
17684
17728
17774
17820
17864
17910
17956
18002
18048
18094
18142
18188
18234
18282
18330
18378
18424
18472
18520
18570
18618
18666
18716
18764
18814
18864
18914
18964
19014
19064
19114
19166
19216
19268
19320
19372
19424
19476
19528
19580
19634
19686
19740
19794
19848
19902
19956
20010
20064
20120
20174
20230
20286
20342
20398
20454
20510
20568
20624
20682
20740
20798
20856
20914
20972
21032
21090
21150
21210
21270
21330
21390
21450
21512
21572
21634
21696
21758
21820
21884
21946
22010
22074
22136
22200
22266
22330
22396
22460
22526
22592
22658
22724
22792
22858
22926
22994
23062
23130
23198
23268
23338
23406
23476
23548
23618
23688
23760
23832
23904
23976
24050
24122
24196
24270
24344
24418
24494
24568
24644
24720
24796
24874
24950
25028
25106
25184
25262
25342
25422
25502
25582
25662
25744
25826
25908
25990
26072
26156
26240
26324
26408
26494
26580
26666
26752
26838
26926
27014
27102
27192
27280
27370
27460
27552
27642
27734
27826
27920
28014
28108
28202
28296
28392
28488
28584
28682
28780
28878
28976
29076
29176
29278
29378
29480
29582
29686
29790
29894
30000
30104
30210
30318
30426
30534
30642
30752
30864
30974
31086
31198
31312
31426
31540
31656
31772
31890
32008
32126
32246
32366
32486
32608
32732
-32678
-32552
-32428
-32302
-32174
-32046
-31916
-31786
-31656
-31524
-31392
-31258
-31122
-30988
-30850
-30712
-30574
-30434
-30292
-30150
-30008
-29862
-29718
-29570
-29422
-29274
-29122
-28972
-28818
-28664
-28508
-28352
-28194
-28034
-27874
-27712
-27548
-27382
-27216
-27048
-26878
-26706
-26534
-26360
-26184
-26006
-25826
-25644
-25462
-25276
-25090
-24902
-24712
-24518
-24324
-24128
-23930
-23728
-23526
-23322
-23114
-22904
-22692
-22478
-22262
-22044
-21822
-21598
-21370
-21140
-20908
-20672
-20434
-20194
-19948
-19702
-19450
-19196
-18938
-18678
-18414
-18144
-17872
-17596
-17316
-17032
-16744
-16452
-16154
-15852
-15546
-15234
-14918
-14596
-14268
-13934
-13596
-13250
-12900
-12542
-12178
-11806
-11428
-11042
-10648
-10246
-9834
-9416
-8986
-8548
-8100
-7642
-7172
-6690
-6196
-5690
-5170
-4636
-4086
-3520
-2938
-2340
-1720
-1082
-422
262
970
1706
2468
3264
4090
4956
5860
6808
7804
8852
9960
0
0
0
0
0
0
0
0
0
0
0
0
0
0
0
0
0
0
0
0
0
0
0
0
0
0
0
0
0
0
0
0
0
0
0
0
0
0
0
0
0
0
0
0
0
0
0
0
0
0
0
0
0
0
0
0
0
0
0
0
0
0
0
0
0
0
0
0
0
0
0
0
0
0
0
0
0
0
0
0
0
0
0
0
0
0
0
0
0
0
0
0
0
0
0
0
0
0
0
0
0
0
0
0
0
0
0
0
0
0
0
0
0
0
0
0
0
0
0
0
0
0
0
0
0
0
0
0
0
0
0
0
0
0
0
0
0
0
0
0
0
0
0
0
0
0
0
0
0
0
0
0
0
0
0
0
0
0
0
0
0
0
0
0
0
0
0
0
0
0
0
0
0
0
0
0
0
0
0
0
0
0
0
0
0
0
0
0
0
0
0
0
0
0
0
0
0
0
0
0
0
0
0
0
0
0
0
0
0
0
0
0
0
0
0
0
0
0
0
0
0
0
0
0
0
0
0
0
0
0
0
0
0
0
0
0
0
0
0
0
0
0
0
0
0
0
0
0
0
0
0
0
0
0
0
0
0
0
0
0
0
0
0
0
0
0
0
0
0
0
0
0
0
0
0
0
0
0
0
0
0
0
0
0
0
0
0
0
0
0
0
0
0
0
0
0
0
0
0
0
0
0
0
0
0
0
0
0
0
0
0
0
0
0
0
0
0
0
0
0
0
0
0
0
0
0
0
0
0
0
0
0
0
0
0
0
0
0
0
0
0
0
0
0
0
0
0
0
0
0
0
0
0
0
0
0
0
0
0
0
0
0
0
0
0
0
0
0
0
0
0
0
0
0
0
0
0
0
0
0
0
0
0
0
0
0
0
0
0
0
0
0
0
0
0
0
0
0
0
0
0
0
0
0
0
0
0
0
0
0
0
0
0
0
0
0
0
0
0
0
0
0
0
0
0
0
0
0
0
0
0
0
0
0
0
0
0
0
0
0
0
0
0
0
0
0
0
0
0
0
0
0
0
0
0
0
0
0
0
0
0
0
0
0
0
0
0
0
0
0
0
0
0
0
0
0
0
0
0
0
0
0
0
0
0
0
0
0
0
0
0
0
0
0
0
0
0
0
0
0
0
0
0
0
0
0
0
0
0
0
0
0
0
0
0
0
0
0
0
0
0
0
0
0
0
0
0
0
0
0
0
0
0
0
0
0
0
0
0
0
0
0
0
0
0
0
0
0
0
0
0
0
0
0
0
0
0
0
0
0
0
0
0
0
0
0
0
0
0
0
0
0
0
0
0
0
0
0
0
0
0
0
0
0
0
0
0
0
0
0
0
0
0
0
0
0
0
0
0
0
0
0
0
0
0
0
0
0
0
0
0
0
0
0
0
0
0
0
0
0
0
0
0
0
0
0
0
0
0
0
0
0
0
0
0
0
0
0
0
0
0
0
0
0
0
0
0
0
0
0
0
0
0
0
0
0
0
0
0
0
0
0
0
0
0
0
0
0
0
0
0
0
0
0
0
0
0
0
0
0
0
0
0
0
0
0
0
0
0
0
0
0
0
0
0
0
0
0
0
0
0
0
0
0
0
0
0
0
0
0
0
0
0
0
0
0
0
0
0
0
0
0
0
0
0
0
0
0
0
0
0
0
0
0
0
0
0
0
0
0
0
0
0
0
0
0
0
0
0
0
0
0
26344
25236
24186
23190
22242
21338
20474
19646
18852
18088
17354
16646
15962
15302
14662
14044
13444
12862
12298
11748
11214
10694
10188
9694
9212
8742
8282
7834
7396
6968
6548
6138
5736
5342
4956
4576
4206
3842
3484
3132
2788
2448
2116
1788
1466
1148
838
530
228
-68
-362
-650
-934
-1214
-1490
-1762
-2030
-2294
-2556
-2814
-3068
-3318
-3566
-3810
-4052
-4290
-4526
-4758
-4988
-5214
-5438
-5660
-5880
-6096
-6310
-6522
-6732
-6938
-7144
-7346
-7546
-7744
-7942
-8136
-8328
-8518
-8706
-8894
-9078
-9262
-9442
-9622
-9800
-9976
-10150
-10324
-10494
-10664
-10832
-11000
-11164
-11328
-11490
-11652
-11810
-11968
-12126
-12282
-12436
-12588
-12740
-12890
-13040
-13188
-13334
-13480
-13624
-13768
-13910
-14050
-14190
-14330
-14468
-14604
-14740
-14874
-15008
-15142
-15274
-15404
-15534
-15662
-15790
-15918
-16044
-16170
-16294
-16418
-16540
-16662
-16784
-16904
-17024
-17142
-17260
-17376
-17492
-17608
-17724
-17838
-17950
-18064
-18174
-18286
-18396
-18506
-18616
-18724
-18832
-18938
-19044
-19150
-19254
-19360
-19464
-19566
-19668
-19770
-19872
-19972
-20072
-20172
-20272
-20370
-20468
-20564
-20660
-20756
-20852
-20948
-21042
-21136
-21230
-21322
-21414
-21506
-21598
-21688
-21778
-21868
-21958
-22046
-22134
-22222
-22310
-22398
-22484
-22570
-22656
-22740
-22824
-22910
-22992
-23076
-23160
-23242
-23324
-23406
-23486
-23568
-23648
-23728
-23806
-23886
-23964
-24044
-24122
-24198
-24276
-24352
-24428
-24506
-24580
-24656
-24730
-24806
-24880
-24954
-25026
-25100
-25172
-25246
-25318
-25388
-25460
-25532
-25602
-25672
-25742
-25812
-25882
-25950
-26020
-26088
-26156
-26224
-26290
-26358
-26424
-26492
-26558
-26624
-26688
-26754
-26818
-26884
-26948
-27012
-27076
-27140
-27202
-27266
-27328
-27390
-27452
-27514
-27576
-27638
-27698
-27760
-27820
-27880
-27940
-28000
-28058
-28118
-28176
-28236
-28294
-28352
-28410
-28468
-28524
-28582
-28638
-28696
-28752
-28808
-28864
-28920
-28974
-29030
-29084
-29140
-29194
-29248
-29302
-29356
-29410
-29462
-29516
-29568
-29622
-29674
-29726
-29778
-29830
-29880
-29932
-29984
-30034
-30084
-30136
-30186
-30236
-30286
-30334
-30384
-30434
-30482
-30532
-30580
-30628
-30676
-30724
-30772
-30820
-30866
-30914
-30962
-31008
-31054
-31100
-31148
-31194
-31238
-31284
-31330
-31376
-31420
-31466
-31510
-31554
-31598
-31642
-31686
-31730
-31774
-31818
-31860
-31904
-31946
-31990
-32032
-32074
-32116
-32158
-32200
-32242
-32284
-32326
-32366
-32408
-32448
-32488
-32530
-32570
-32610
-32650
-32690
-32730
32764
32724
32684
32646
32606
32568
32530
32490
32452
32414
32376
32338
32302
32264
32226
32190
32152
32116
32078
32042
32006
31970
31934
31898
31862
31826
31790
31756
31720
31686
31650
31616
31580
31546
31512
31478
31444
31410
31376
31342
31308
31276
31242
31210
31176
31144
31110
31078
31046
31014
30982
30950
30918
30886
30854
30822
30792
30760
30730
30698
30668
30636
30606
30576
30546
30516
30486
30456
30426
30396
30366
30338
30308
30280
30250
30222
30192
30164
30136
30106
30078
30050
30022
29994
29966
29940
29912
29884
29858
29830
29802
29776
29750
29722
29696
29670
29644
29618
29592
29566
29540
29514
29488
29462
29438
29412
29386
29362
29336
29312
29288
29262
29238
29214
29190
29166
29142
29118
29094
29070
29046
29022
29000
28976
28954
28930
28908
28884
28862
28840
28816
28794
28772
28750
28728
28706
28684
28662
28640
28620
28598
28576
28556
28534
28514
28492
28472
28452
28430
28410
28390
28370
28350
28330
28310
28290
28270
28250
28230
28212
28192
28172
28154
28134
28116
28098
28078
28060
28042
28022
28004
27986
27968
27950
27932
27914
27896
27880
27862
27844
27826
27810
27792
27776
27758
27742
27724
27708
27692
27676
27658
27642
27626
27610
27594
27578
27562
27548
27532
27516
27500
27486
27470
27456
27440
27426
27410
27396
27382
27366
27352
27338
27324
27310
27296
27282
27268
27254
27240
27226
27212
27200
27186
27172
27160
27146
27134
27120
27108
27096
27082
27070
27058
27046
27034
27020
27008
26996
26984
26974
26962
26950
26938
26926
26916
26904
26894
26882
26872
26860
26850
26838
26828
26818
26806
26796
26786
26776
26766
26756
26746
26736
26726
26716
26708
26698
26688
26680
26670
26660
26652
26642
26634
26626
26616
26608
26600
26590
26582
26574
26566
26558
26550
26542
26534
26526
26518
26512
26504
26496
26488
26482
26474
26468
26460
26454
26446
26440
26434
26426
26420
26414
26408
26402
26396
26390
26384
26378
26372
26366
26360
26354
26350
26344
26338
26334
26328
26324
26318
26314
26308
26304
26300
26294
26290
26286
26282
26278
26274
26270
26266
26262
26258
26254
26250
26246
26244
26240
26236
26234
26230
26228
26224
26222
26218
26216
26214
26210
26208
26206
26204
26202
26200
26198
26196
26194
26192
26190
26188
26188
26186
26184
26182
26182
26180
26180
26178
26178
26176
26176
26176
26176
26174
26174
26174
26174
26174
26174
26174
26174
26174
26174
26174
26174
26176
26176
26176
26176
26178
26178
26180
26180
26182
26182
26184
26186
26188
26188
26190
26192
26194
26196
26198
26200
26202
26204
26206
26208
26210
26214
26216
26218
26222
26224
26228
26230
26234
26236
26240
26244
26246
26250
26254
26258
26262
26266
26270
26274
26278
26282
26286
26290
26294
26300
26304
26308
26314
26318
26324
26328
26334
26338
26344
26350
26354
26360
26366
26372
26378
26384
26390
26396
26402
26408
26414
26420
26426
26434
26440
26446
26454
26460
26468
26474
26482
26488
26496
26504
26512
26518
26526
26534
26542
26550
26558
26566
26574
26582
26590
26600
26608
26616
26626
26634
26642
26652
26660
26670
26680
26688
26698
26708
26716
26726
26736
26746
26756
26766
26776
26786
26796
26806
26818
26828
26838
26850
26860
26872
26882
26894
26904
26916
26926
26938
26950
26962
26974
26984
26996
27008
27020
27034
27046
27058
27070
27082
27096
27108
27120
27134
27146
27160
27172
27186
27200
27212
27226
27240
27254
27268
27282
27296
27310
27324
27338
27352
27366
27382
27396
27410
27426
27440
27456
27470
27486
27500
27516
27532
27548
27562
27578
27594
27610
27626
27642
27658
27676
27692
27708
27724
27742
27758
27776
27792
27810
27826
27844
27862
27880
27896
27914
27932
27950
27968
27986
28004
28022
28042
28060
28078
28098
28116
28134
28154
28172
28192
28212
28230
28250
28270
28290
28310
28330
28350
28370
28390
28410
28430
28452
28472
28492
28514
28534
28556
28576
28598
28620
28640
28662
28684
28706
28728
28750
28772
28794
28816
28840
28862
28884
28908
28930
28954
28976
29000
29022
29046
29070
29094
29118
29142
29166
29190
29214
29238
29262
29288
29312
29336
29362
29386
29412
29438
29462
29488
29514
29540
29566
29592
29618
29644
29670
29696
29722
29750
29776
29802
29830
29858
29884
29912
29940
29966
29994
30022
30050
30078
30106
30136
30164
30192
30222
30250
30280
30308
30338
30366
30396
30426
30456
30486
30516
30546
30576
30606
30636
30668
30698
30730
30760
30792
30822
30854
30886
30918
30950
30982
31014
31046
31078
31110
31144
31176
31210
31242
31276
31308
31342
31376
31410
31444
31478
31512
31546
31580
31616
31650
31686
31720
31756
31790
31826
31862
31898
31934
31970
32006
32042
32078
32116
32152
32190
32226
32264
32302
32338
32376
32414
32452
32490
32530
32568
32606
32646
32684
32724
32764
-32730
-32690
-32650
-32610
-32570
-32530
-32488
-32448
-32408
-32366
-32326
-32284
-32242
-32200
-32158
-32116
-32074
-32032
-31990
-31946
-31904
-31860
-31818
-31774
-31730
-31686
-31642
-31598
-31554
-31510
-31466
-31420
-31376
-31330
-31284
-31238
-31194
-31148
-31100
-31054
-31008
-30962
-30914
-30866
-30820
-30772
-30724
-30676
-30628
-30580
-30532
-30482
-30434
-30384
-30334
-30286
-30236
-30186
-30136
-30084
-30034
-29984
-29932
-29880
-29830
-29778
-29726
-29674
-29622
-29568
-29516
-29462
-29410
-29356
-29302
-29248
-29194
-29140
-29084
-29030
-28974
-28920
-28864
-28808
-28752
-28696
-28638
-28582
-28524
-28468
-28410
-28352
-28294
-28236
-28176
-28118
-28058
-28000
-27940
-27880
-27820
-27760
-27698
-27638
-27576
-27514
-27452
-27390
-27328
-27266
-27202
-27140
-27076
-27012
-26948
-26884
-26818
-26754
-26688
-26624
-26558
-26492
-26424
-26358
-26290
-26224
-26156
-26088
-26020
-25950
-25882
-25812
-25742
-25672
-25602
-25532
-25460
-25388
-25318
-25246
-25172
-25100
-25026
-24954
-24880
-24806
-24730
-24656
-24580
-24506
-24428
-24352
-24276
-24198
-24122
-24044
-23964
-23886
-23806
-23728
-23648
-23568
-23486
-23406
-23324
-23242
-23160
-23076
-22992
-22910
-22824
-22740
-22656
-22570
-22484
-22398
-22310
-22222
-22134
-22046
-21958
-21868
-21778
-21688
-21598
-21506
-21414
-21322
-21230
-21136
-21042
-20948
-20852
-20756
-20660
-20564
-20468
-20370
-20272
-20172
-20072
-19972
-19872
-19770
-19668
-19566
-19464
-19360
-19254
-19150
-19044
-18938
-18832
-18724
-18616
-18506
-18396
-18286
-18174
-18064
-17950
-17838
-17724
-17608
-17492
-17376
-17260
-17142
-17024
-16904
-16784
-16662
-16540
-16418
-16294
-16170
-16044
-15918
-15790
-15662
-15534
-15404
-15274
-15142
-15008
-14874
-14740
-14604
-14468
-14330
-14190
-14050
-13910
-13768
-13624
-13480
-13334
-13188
-13040
-12890
-12740
-12588
-12436
-12282
-12126
-11968
-11810
-11652
-11490
-11328
-11164
-11000
-10832
-10664
-10494
-10324
-10150
-9976
-9800
-9622
-9442
-9262
-9078
-8894
-8706
-8518
-8328
-8136
-7942
-7744
-7546
-7346
-7144
-6938
-6732
-6522
-6310
-6096
-5880
-5660
-5438
-5214
-4988
-4758
-4526
-4290
-4052
-3810
-3566
-3318
-3068
-2814
-2556
-2294
-2030
-1762
-1490
-1214
-934
-650
-362
-68
228
530
838
1148
1466
1788
2116
2448
2788
3132
3484
3842
4206
4576
4956
5342
5736
6138
6548
6968
7396
7834
8282
8742
9212
9694
10188
10694
11214
11748
12298
12862
13444
14044
14662
15302
15962
16646
17354
18088
18852
19646
20474
21338
22242
23190
24186
25236
26344
0
0
0
0
0
0
0
0
0
0
0
0
0
0
0
0
0
0
0
0
0
0
0
0
0
0
0
0
0
0
0
0
0
0
0
0
0
0
0
0
0
0
0
0
0
0
0
0
0
0
0
0
0
0
0
0
0
0
0
0
0
0
0
0
0
0
0
0
0
0
0
0
0
0
0
0
0
0
0
0
0
0
0
0
0
0
0
0
0
0
0
0
0
0
0
0
0
0
0
0
0
0
0
0
0
0
0
0
0
0
0
0
0
0
0
0
0
0
0
0
0
0
0
0
0
0
0
0
0
0
0
0
0
0
0
0
0
0
0
0
0
0
0
0
0
0
0
0
0
0
0
0
0
0
0
0
0
0
0
0
0
0
0
0
0
0
0
0
0
0
0
0
0
0
0
0
0
0
0
0
0
0
0
0
0
0
0
0
0
0
0
0
0
0
0
0
0
0
0
0
0
0
0
0
0
0
0
0
0
0
0
0
0
0
0
0
0
0
0
0
0
0
0
0
0
0
0
0
0
0
0
0
0
0
0
0
0
0
0
0
0
0
0
0
0
0
0
0
0
0
0
0
0
0
0
0
0
0
0
0
0
0
0
0
0
0
0
0
0
0
0
0
0
0
0
0
0
0
0
0
0
0
0
0
0
0
0
0
0
0
0
0
0
0
0
0
0
0
0
0
0
0
0
0
0
0
0
0
0
0
0
0
0
0
0
0
0
0
0
0
0
0
0
0
0
0
0
0
0
0
0
0
0
0
0
0
0
0
0
0
0
0
0
0
0
0
0
0
0
0
0
0
0
0
0
0
0
0
0
0
0
0
0
0
0
0
0
0
0
0
0
0
0
0
0
0
0
0
0
0
0
0
0
0
0
0
0
0
0
0
0
0
0
0
0
0
0
0
0
0
0
0
0
0
0
0
0
0
0
0
0
0
0
0
0
0
0
0
0
0
0
0
0
0
0
0
0
0
0
0
0
0
0
0
0
0
0
0
0
0
0
0
0
0
0
0
0
0
0
0
0
0
0
0
0
0
0
0
0
0
0
0
0
0
0
0
0
0
0
0
0
0
0
0
0
0
0
0
0
0
0
0
0
0
0
0
0
0
0
0
0
0
0
0
0
0
0
0
0
0
0
0
0
0
0
0
0
0
0
0
0
0
0
0
0
0
0
0
0
0
0
0
0
0
0
0
0
0
0
0
0
0
0
0
0
0
0
0
0
0
0
0
0
0
0
0
0
0
0
0
0
0
0
0
0
0
0
0
0
0
0
0
0
0
0
0
0
0
0
0
0
0
0
0
0
0
0
0
0
0
0
0
0
0
0
0
0
0
0
0
0
0
0
0
0
0
0
0
0
0
0
0
0
0
0
0
0
0
0
0
0
0
0
0
0
0
0
0
0
0
0
0
0
0
0
0
0
0
0
0
0
0
0
0
0
0
0
0
0
0
0
0
0
0
0
0
0
0
0
0
0
0
0
0
0
0
0
0
0
0
0
0
0
0
0
0
0
0
0
0
0
0
0
0
0
0
0
0
0
0
0
0
0
0
0
0
0
0
0
0
0
0
0
0
0
0
0
0
0
0
0
0
0
0
0
0
0
0
0
0
0
0
0
0
0
0
0
0
0
0
0
0
0
0
0
0
0
0
0
0
0
0
0
0
0
0
0
0
0
0
0
0
0
0
0
0
0
0
0
0
0
0
-6422
-7530
-8580
-9576
-10524
-11428
-12292
-13120
-13914
-14678
-15412
-16120
-16804
-17464
-18104
-18722
-19322
-19904
-20468
-21018
-21552
-22072
-22578
-23072
-23554
-24024
-24484
-24932
-25370
-25798
-26218
-26628
-27030
-27424
-27810
-28190
-28560
-28924
-29282
-29634
-29978
-30318
-30650
-30978
-31300
-31618
-31928
-32236
-32538
32698
32404
32116
31832
31552
31276
31004
30736
30472
30210
29952
29698
29448
29200
28956
28714
28476
28240
28008
27778
27552
27328
27106
26886
26670
26456
26244
26034
25828
25622
25420
25220
25022
24824
24630
24438
24248
24060
23872
23688
23504
23324
23144
22966
22790
22616
22442
22272
22102
21934
21766
21602
21438
21276
21114
20956
20798
20640
20484
20330
20178
20026
19876
19726
19578
19432
19286
19142
18998
18856
18716
18576
18436
18298
18162
18026
17892
17758
17624
17492
17362
17232
17104
16976
16848
16722
16596
16472
16348
16226
16104
15982
15862
15742
15624
15506
15390
15274
15158
15042
14928
14816
14702
14592
14480
14370
14260
14150
14042
13934
13828
13722
13616
13512
13406
13302
13200
13098
12996
12894
12794
12694
12594
12494
12396
12298
12202
12106
12010
11914
11818
11724
11630
11536
11444
11352
11260
11168
11078
10988
10898
10808
10720
10632
10544
10456
10368
10282
10196
10110
10026
9942
9856
9774
9690
9606
9524
9442
9360
9280
9198
9118
9038
8960
8880
8802
8722
8644
8568
8490
8414
8338
8260
8186
8110
8036
7960
7886
7812
7740
7666
7594
7520
7448
7378
7306
7234
7164
7094
7024
6954
6884
6816
6746
6678
6610
6542
6476
6408
6342
6274
6208
6142
6078
6012
5948
5882
5818
5754
5690
5626
5564
5500
5438
5376
5314
5252
5190
5128
5068
5006
4946
4886
4826
4766
4708
4648
4590
4530
4472
4414
4356
4298
4242
4184
4128
4070
4014
3958
3902
3846
3792
3736
3682
3626
3572
3518
3464
3410
3356
3304
3250
3198
3144
3092
3040
2988
2936
2886
2834
2782
2732
2682
2630
2580
2530
2480
2432
2382
2332
2284
2234
2186
2138
2090
2042
1994
1946
1900
1852
1804
1758
1712
1666
1618
1572
1528
1482
1436
1390
1346
1300
1256
1212
1168
1124
1080
1036
992
948
906
862
820
776
734
692
650
608
566
524
482
440
400
358
318
278
236
196
156
116
76
36
-2
-42
-82
-120
-160
-198
-236
-276
-314
-352
-390
-428
-464
-502
-540
-576
-614
-650
-688
-724
-760
-796
-832
-868
-904
-940
-976
-1010
-1046
-1080
-1116
-1150
-1186
-1220
-1254
-1288
-1322
-1356
-1390
-1424
-1458
-1490
-1524
-1556
-1590
-1622
-1656
-1688
-1720
-1752
-1784
-1816
-1848
-1880
-1912
-1944
-1974
-2006
-2036
-2068
-2098
-2130
-2160
-2190
-2220
-2250
-2280
-2310
-2340
-2370
-2400
-2428
-2458
-2486
-2516
-2544
-2574
-2602
-2630
-2660
-2688
-2716
-2744
-2772
-2800
-2826
-2854
-2882
-2908
-2936
-2964
-2990
-3016
-3044
-3070
-3096
-3122
-3148
-3174
-3200
-3226
-3252
-3278
-3304
-3328
-3354
-3380
-3404
-3430
-3454
-3478
-3504
-3528
-3552
-3576
-3600
-3624
-3648
-3672
-3696
-3720
-3744
-3766
-3790
-3812
-3836
-3858
-3882
-3904
-3926
-3950
-3972
-3994
-4016
-4038
-4060
-4082
-4104
-4126
-4146
-4168
-4190
-4210
-4232
-4252
-4274
-4294
-4314
-4336
-4356
-4376
-4396
-4416
-4436
-4456
-4476
-4496
-4516
-4536
-4554
-4574
-4594
-4612
-4632
-4650
-4668
-4688
-4706
-4724
-4744
-4762
-4780
-4798
-4816
-4834
-4852
-4870
-4886
-4904
-4922
-4940
-4956
-4974
-4990
-5008
-5024
-5042
-5058
-5074
-5090
-5108
-5124
-5140
-5156
-5172
-5188
-5204
-5218
-5234
-5250
-5266
-5280
-5296
-5310
-5326
-5340
-5356
-5370
-5384
-5400
-5414
-5428
-5442
-5456
-5470
-5484
-5498
-5512
-5526
-5540
-5554
-5566
-5580
-5594
-5606
-5620
-5632
-5646
-5658
-5670
-5684
-5696
-5708
-5720
-5732
-5746
-5758
-5770
-5782
-5792
-5804
-5816
-5828
-5840
-5850
-5862
-5872
-5884
-5894
-5906
-5916
-5928
-5938
-5948
-5960
-5970
-5980
-5990
-6000
-6010
-6020
-6030
-6040
-6050
-6058
-6068
-6078
-6086
-6096
-6106
-6114
-6124
-6132
-6140
-6150
-6158
-6166
-6176
-6184
-6192
-6200
-6208
-6216
-6224
-6232
-6240
-6248
-6254
-6262
-6270
-6278
-6284
-6292
-6298
-6306
-6312
-6320
-6326
-6332
-6340
-6346
-6352
-6358
-6364
-6370
-6376
-6382
-6388
-6394
-6400
-6406
-6412
-6416
-6422
-6428
-6432
-6438
-6442
-6448
-6452
-6458
-6462
-6466
-6472
-6476
-6480
-6484
-6488
-6492
-6496
-6500
-6504
-6508
-6512
-6516
-6520
-6522
-6526
-6530
-6532
-6536
-6538
-6542
-6544
-6548
-6550
-6552
-6556
-6558
-6560
-6562
-6564
-6566
-6568
-6570
-6572
-6574
-6576
-6578
-6578
-6580
-6582
-6584
-6584
-6586
-6586
-6588
-6588
-6590
-6590
-6590
-6590
-6592
-6592
-6592
-6592
-6592
-6592
-6592
-6592
-6592
-6592
-6592
-6592
-6590
-6590
-6590
-6590
-6588
-6588
-6586
-6586
-6584
-6584
-6582
-6580
-6578
-6578
-6576
-6574
-6572
-6570
-6568
-6566
-6564
-6562
-6560
-6558
-6556
-6552
-6550
-6548
-6544
-6542
-6538
-6536
-6532
-6530
-6526
-6522
-6520
-6516
-6512
-6508
-6504
-6500
-6496
-6492
-6488
-6484
-6480
-6476
-6472
-6466
-6462
-6458
-6452
-6448
-6442
-6438
-6432
-6428
-6422
-6416
-6412
-6406
-6400
-6394
-6388
-6382
-6376
-6370
-6364
-6358
-6352
-6346
-6340
-6332
-6326
-6320
-6312
-6306
-6298
-6292
-6284
-6278
-6270
-6262
-6254
-6248
-6240
-6232
-6224
-6216
-6208
-6200
-6192
-6184
-6176
-6166
-6158
-6150
-6140
-6132
-6124
-6114
-6106
-6096
-6086
-6078
-6068
-6058
-6050
-6040
-6030
-6020
-6010
-6000
-5990
-5980
-5970
-5960
-5948
-5938
-5928
-5916
-5906
-5894
-5884
-5872
-5862
-5850
-5840
-5828
-5816
-5804
-5792
-5782
-5770
-5758
-5746
-5732
-5720
-5708
-5696
-5684
-5670
-5658
-5646
-5632
-5620
-5606
-5594
-5580
-5566
-5554
-5540
-5526
-5512
-5498
-5484
-5470
-5456
-5442
-5428
-5414
-5400
-5384
-5370
-5356
-5340
-5326
-5310
-5296
-5280
-5266
-5250
-5234
-5218
-5204
-5188
-5172
-5156
-5140
-5124
-5108
-5090
-5074
-5058
-5042
-5024
-5008
-4990
-4974
-4956
-4940
-4922
-4904
-4886
-4870
-4852
-4834
-4816
-4798
-4780
-4762
-4744
-4724
-4706
-4688
-4668
-4650
-4632
-4612
-4594
-4574
-4554
-4536
-4516
-4496
-4476
-4456
-4436
-4416
-4396
-4376
-4356
-4336
-4314
-4294
-4274
-4252
-4232
-4210
-4190
-4168
-4146
-4126
-4104
-4082
-4060
-4038
-4016
-3994
-3972
-3950
-3926
-3904
-3882
-3858
-3836
-3812
-3790
-3766
-3744
-3720
-3696
-3672
-3648
-3624
-3600
-3576
-3552
-3528
-3504
-3478
-3454
-3430
-3404
-3380
-3354
-3328
-3304
-3278
-3252
-3226
-3200
-3174
-3148
-3122
-3096
-3070
-3044
-3016
-2990
-2964
-2936
-2908
-2882
-2854
-2826
-2800
-2772
-2744
-2716
-2688
-2660
-2630
-2602
-2574
-2544
-2516
-2486
-2458
-2428
-2400
-2370
-2340
-2310
-2280
-2250
-2220
-2190
-2160
-2130
-2098
-2068
-2036
-2006
-1974
-1944
-1912
-1880
-1848
-1816
-1784
-1752
-1720
-1688
-1656
-1622
-1590
-1556
-1524
-1490
-1458
-1424
-1390
-1356
-1322
-1288
-1254
-1220
-1186
-1150
-1116
-1080
-1046
-1010
-976
-940
-904
-868
-832
-796
-760
-724
-688
-650
-614
-576
-540
-502
-464
-428
-390
-352
-314
-276
-236
-198
-160
-120
-82
-42
-2
36
76
116
156
196
236
278
318
358
400
440
482
524
566
608
650
692
734
776
820
862
906
948
992
1036
1080
1124
1168
1212
1256
1300
1346
1390
1436
1482
1528
1572
1618
1666
1712
1758
1804
1852
1900
1946
1994
2042
2090
2138
2186
2234
2284
2332
2382
2432
2480
2530
2580
2630
2682
2732
2782
2834
2886
2936
2988
3040
3092
3144
3198
3250
3304
3356
3410
3464
3518
3572
3626
3682
3736
3792
3846
3902
3958
4014
4070
4128
4184
4242
4298
4356
4414
4472
4530
4590
4648
4708
4766
4826
4886
4946
5006
5068
5128
5190
5252
5314
5376
5438
5500
5564
5626
5690
5754
5818
5882
5948
6012
6078
6142
6208
6274
6342
6408
6476
6542
6610
6678
6746
6816
6884
6954
7024
7094
7164
7234
7306
7378
7448
7520
7594
7666
7740
7812
7886
7960
8036
8110
8186
8260
8338
8414
8490
8568
8644
8722
8802
8880
8960
9038
9118
9198
9280
9360
9442
9524
9606
9690
9774
9856
9942
10026
10110
10196
10282
10368
10456
10544
10632
10720
10808
10898
10988
11078
11168
11260
11352
11444
11536
11630
11724
11818
11914
12010
12106
12202
12298
12396
12494
12594
12694
12794
12894
12996
13098
13200
13302
13406
13512
13616
13722
13828
13934
14042
14150
14260
14370
14480
14592
14702
14816
14928
15042
15158
15274
15390
15506
15624
15742
15862
15982
16104
16226
16348
16472
16596
16722
16848
16976
17104
17232
17362
17492
17624
17758
17892
18026
18162
18298
18436
18576
18716
18856
18998
19142
19286
19432
19578
19726
19876
20026
20178
20330
20484
20640
20798
20956
21114
21276
21438
21602
21766
21934
22102
22272
22442
22616
22790
22966
23144
23324
23504
23688
23872
24060
24248
24438
24630
24824
25022
25220
25420
25622
25828
26034
26244
26456
26670
26886
27106
27328
27552
27778
28008
28240
28476
28714
28956
29200
29448
29698
29952
30210
30472
30736
31004
31276
31552
31832
32116
32404
32698
-32538
-32236
-31928
-31618
-31300
-30978
-30650
-30318
-29978
-29634
-29282
-28924
-28560
-28190
-27810
-27424
-27030
-26628
-26218
-25798
-25370
-24932
-24484
-24024
-23554
-23072
-22578
-22072
-21552
-21018
-20468
-19904
-19322
-18722
-18104
-17464
-16804
-16120
-15412
-14678
-13914
-13120
-12292
-11428
-10524
-9576
-8580
-7530
-6422
0
0
0
0
0
0
0
0
0
0
0
0
0
0
0
0
0
0
0
0
0
0
0
0
0
0
0
0
0
0
0
0
0
0
0
0
0
0
0
0
0
0
0
0
0
0
0
0
0
0
0
0
0
0
0
0
0
0
0
0
0
0
0
0
0
0
0
0
0
0
0
0
0
0
0
0
0
0
0
0
0
0
0
0
0
0
0
0
0
0
0
0
0
0
0
0
0
0
0
0
0
0
0
0
0
0
0
0
0
0
0
0
0
0
0
0
0
0
0
0
0
0
0
0
0
0
0
0
0
0
0
0
0
0
0
0
0
0
0
0
0
0
0
0
0
0
0
0
0
0
0
0
0
0
0
0
0
0
0
0
0
0
0
0
0
0
0
0
0
0
0
0
0
0
0
0
0
0
0
0
0
0
0
0
0
0
0
0
0
0
0
0
0
0
0
0
0
0
0
0
0
0
0
0
0
0
0
0
0
0
0
0
0
0
0
0
0
0
0
0
0
0
0
0
0
0
0
0
0
0
0
0
0
0
0
0
0
0
0
0
0
0
0
0
0
0
0
0
0
0
0
0
0
0
0
0
0
0
0
0
0
0
0
0
0
0
0
0
0
0
0
0
0
0
0
0
0
0
0
0
0
0
0
0
0
0
0
0
0
0
0
0
0
0
0
0
0
0
0
0
0
0
0
0
0
0
0
0
0
0
0
0
0
0
0
0
0
0
0
0
0
0
0
0
0
0
0
0
0
0
0
0
0
0
0
0
0
0
0
0
0
0
0
0
0
0
0
0
0
0
0
0
0
0
0
0
0
0
0
0
0
0
0
0
0
0
0
0
0
0
0
0
0
0
0
0
0
0
0
0
0
0
0
0
0
0
0
0
0
0
0
0
0
0
0
0
0
0
0
0
0
0
0
0
0
0
0
0
0
0
0
0
0
0
0
0
0
0
0
0
0
0
0
0
0
0
0
0
0
0
0
0
0
0
0
0
0
0
0
0
0
0
0
0
0
0
0
0
0
0
0
0
0
0
0
0
0
0
0
0
0
0
0
0
0
0
0
0
0
0
0
0
0
0
0
0
0
0
0
0
0
0
0
0
0
0
0
0
0
0
0
0
0
0
0
0
0
0
0
0
0
0
0
0
0
0
0
0
0
0
0
0
0
0
0
0
0
0
0
0
0
0
0
0
0
0
0
0
0
0
0
0
0
0
0
0
0
0
0
0
0
0
0
0
0
0
0
0
0
0
0
0
0
0
0
0
0
0
0
0
0
0
0
0
0
0
0
0
0
0
0
0
0
0
0
0
0
0
0
0
0
0
0
0
0
0
0
0
0
0
0
0
0
0
0
0
0
0
0
0
0
0
0
0
0
0
0
0
0
0
0
0
0
0
0
0
0
0
0
0
0
0
0
0
0
0
0
0
0
0
0
0
0
0
0
0
0
0
0
0
0
0
0
0
0
0
0
0
0
0
0
0
0
0
0
0
0
0
0
0
0
0
0
0
0
0
0
0
0
0
0
0
0
0
0
0
0
0
0
0
0
0
0
0
0
0
0
0
0
0
0
0
0
0
0
0
0
0
0
0
0
0
0
0
0
0
0
0
0
0
0
0
0
0
0
0
0
0
0
0
0
0
0
0
0
0
0
0
0
0
0
0
0
0
0
0
0
0
0
0
0
0
0
0
0
0
0
0
0
0
0
0
26344
25236
24186
23190
22242
21338
20474
19646
18852
18088
17354
16646
15962
15302
14662
14044
13444
12862
12298
11748
11214
10694
10188
9694
9212
8742
8282
7834
7396
6968
6548
6138
5736
5342
4956
4576
4206
3842
3484
3132
2788
2448
2116
1788
1466
1148
838
530
228
-68
-362
-650
-934
-1214
-1490
-1762
-2030
-2294
-2556
-2814
-3068
-3318
-3566
-3810
-4052
-4290
-4526
-4758
-4988
-5214
-5438
-5660
-5880
-6096
-6310
-6522
-6732
-6938
-7144
-7346
-7546
-7744
-7942
-8136
-8328
-8518
-8706
-8894
-9078
-9262
-9442
-9622
-9800
-9976
-10150
-10324
-10494
-10664
-10832
-11000
-11164
-11328
-11490
-11652
-11810
-11968
-12126
-12282
-12436
-12588
-12740
-12890
-13040
-13188
-13334
-13480
-13624
-13768
-13910
-14050
-14190
-14330
-14468
-14604
-14740
-14874
-15008
-15142
-15274
-15404
-15534
-15662
-15790
-15918
-16044
-16170
-16294
-16418
-16540
-16662
-16784
-16904
-17024
-17142
-17260
-17376
-17492
-17608
-17724
-17838
-17950
-18064
-18174
-18286
-18396
-18506
-18616
-18724
-18832
-18938
-19044
-19150
-19254
-19360
-19464
-19566
-19668
-19770
-19872
-19972
-20072
-20172
-20272
-20370
-20468
-20564
-20660
-20756
-20852
-20948
-21042
-21136
-21230
-21322
-21414
-21506
-21598
-21688
-21778
-21868
-21958
-22046
-22134
-22222
-22310
-22398
-22484
-22570
-22656
-22740
-22824
-22910
-22992
-23076
-23160
-23242
-23324
-23406
-23486
-23568
-23648
-23728
-23806
-23886
-23964
-24044
-24122
-24198
-24276
-24352
-24428
-24506
-24580
-24656
-24730
-24806
-24880
-24954
-25026
-25100
-25172
-25246
-25318
-25388
-25460
-25532
-25602
-25672
-25742
-25812
-25882
-25950
-26020
-26088
-26156
-26224
-26290
-26358
-26424
-26492
-26558
-26624
-26688
-26754
-26818
-26884
-26948
-27012
-27076
-27140
-27202
-27266
-27328
-27390
-27452
-27514
-27576
-27638
-27698
-27760
-27820
-27880
-27940
-28000
-28058
-28118
-28176
-28236
-28294
-28352
-28410
-28468
-28524
-28582
-28638
-28696
-28752
-28808
-28864
-28920
-28974
-29030
-29084
-29140
-29194
-29248
-29302
-29356
-29410
-29462
-29516
-29568
-29622
-29674
-29726
-29778
-29830
-29880
-29932
-29984
-30034
-30084
-30136
-30186
-30236
-30286
-30334
-30384
-30434
-30482
-30532
-30580
-30628
-30676
-30724
-30772
-30820
-30866
-30914
-30962
-31008
-31054
-31100
-31148
-31194
-31238
-31284
-31330
-31376
-31420
-31466
-31510
-31554
-31598
-31642
-31686
-31730
-31774
-31818
-31860
-31904
-31946
-31990
-32032
-32074
-32116
-32158
-32200
-32242
-32284
-32326
-32366
-32408
-32448
-32488
-32530
-32570
-32610
-32650
-32690
-32730
32764
32724
32684
32646
32606
32568
32530
32490
32452
32414
32376
32338
32302
32264
32226
32190
32152
32116
32078
32042
32006
31970
31934
31898
31862
31826
31790
31756
31720
31686
31650
31616
31580
31546
31512
31478
31444
31410
31376
31342
31308
31276
31242
31210
31176
31144
31110
31078
31046
31014
30982
30950
30918
30886
30854
30822
30792
30760
30730
30698
30668
30636
30606
30576
30546
30516
30486
30456
30426
30396
30366
30338
30308
30280
30250
30222
30192
30164
30136
30106
30078
30050
30022
29994
29966
29940
29912
29884
29858
29830
29802
29776
29750
29722
29696
29670
29644
29618
29592
29566
29540
29514
29488
29462
29438
29412
29386
29362
29336
29312
29288
29262
29238
29214
29190
29166
29142
29118
29094
29070
29046
29022
29000
28976
28954
28930
28908
28884
28862
28840
28816
28794
28772
28750
28728
28706
28684
28662
28640
28620
28598
28576
28556
28534
28514
28492
28472
28452
28430
28410
28390
28370
28350
28330
28310
28290
28270
28250
28230
28212
28192
28172
28154
28134
28116
28098
28078
28060
28042
28022
28004
27986
27968
27950
27932
27914
27896
27880
27862
27844
27826
27810
27792
27776
27758
27742
27724
27708
27692
27676
27658
27642
27626
27610
27594
27578
27562
27548
27532
27516
27500
27486
27470
27456
27440
27426
27410
27396
27382
27366
27352
27338
27324
27310
27296
27282
27268
27254
27240
27226
27212
27200
27186
27172
27160
27146
27134
27120
27108
27096
27082
27070
27058
27046
27034
27020
27008
26996
26984
26974
26962
26950
26938
26926
26916
26904
26894
26882
26872
26860
26850
26838
26828
26818
26806
26796
26786
26776
26766
26756
26746
26736
26726
26716
26708
26698
26688
26680
26670
26660
26652
26642
26634
26626
26616
26608
26600
26590
26582
26574
26566
26558
26550
26542
26534
26526
26518
26512
26504
26496
26488
26482
26474
26468
26460
26454
26446
26440
26434
26426
26420
26414
26408
26402
26396
26390
26384
26378
26372
26366
26360
26354
26350
26344
26338
26334
26328
26324
26318
26314
26308
26304
26300
26294
26290
26286
26282
26278
26274
26270
26266
26262
26258
26254
26250
26246
26244
26240
26236
26234
26230
26228
26224
26222
26218
26216
26214
26210
26208
26206
26204
26202
26200
26198
26196
26194
26192
26190
26188
26188
26186
26184
26182
26182
26180
26180
26178
26178
26176
26176
26176
26176
26174
26174
26174
26174
26174
26174
26174
26174
26174
26174
26174
26174
26176
26176
26176
26176
26178
26178
26180
26180
26182
26182
26184
26186
26188
26188
26190
26192
26194
26196
26198
26200
26202
26204
26206
26208
26210
26214
26216
26218
26222
26224
26228
26230
26234
26236
26240
26244
26246
26250
26254
26258
26262
26266
26270
26274
26278
26282
26286
26290
26294
26300
26304
26308
26314
26318
26324
26328
26334
26338
26344
26350
26354
26360
26366
26372
26378
26384
26390
26396
26402
26408
26414
26420
26426
26434
26440
26446
26454
26460
26468
26474
26482
26488
26496
26504
26512
26518
26526
26534
26542
26550
26558
26566
26574
26582
26590
26600
26608
26616
26626
26634
26642
26652
26660
26670
26680
26688
26698
26708
26716
26726
26736
26746
26756
26766
26776
26786
26796
26806
26818
26828
26838
26850
26860
26872
26882
26894
26904
26916
26926
26938
26950
26962
26974
26984
26996
27008
27020
27034
27046
27058
27070
27082
27096
27108
27120
27134
27146
27160
27172
27186
27200
27212
27226
27240
27254
27268
27282
27296
27310
27324
27338
27352
27366
27382
27396
27410
27426
27440
27456
27470
27486
27500
27516
27532
27548
27562
27578
27594
27610
27626
27642
27658
27676
27692
27708
27724
27742
27758
27776
27792
27810
27826
27844
27862
27880
27896
27914
27932
27950
27968
27986
28004
28022
28042
28060
28078
28098
28116
28134
28154
28172
28192
28212
28230
28250
28270
28290
28310
28330
28350
28370
28390
28410
28430
28452
28472
28492
28514
28534
28556
28576
28598
28620
28640
28662
28684
28706
28728
28750
28772
28794
28816
28840
28862
28884
28908
28930
28954
28976
29000
29022
29046
29070
29094
29118
29142
29166
29190
29214
29238
29262
29288
29312
29336
29362
29386
29412
29438
29462
29488
29514
29540
29566
29592
29618
29644
29670
29696
29722
29750
29776
29802
29830
29858
29884
29912
29940
29966
29994
30022
30050
30078
30106
30136
30164
30192
30222
30250
30280
30308
30338
30366
30396
30426
30456
30486
30516
30546
30576
30606
30636
30668
30698
30730
30760
30792
30822
30854
30886
30918
30950
30982
31014
31046
31078
31110
31144
31176
31210
31242
31276
31308
31342
31376
31410
31444
31478
31512
31546
31580
31616
31650
31686
31720
31756
31790
31826
31862
31898
31934
31970
32006
32042
32078
32116
32152
32190
32226
32264
32302
32338
32376
32414
32452
32490
32530
32568
32606
32646
32684
32724
32764
-32730
-32690
-32650
-32610
-32570
-32530
-32488
-32448
-32408
-32366
-32326
-32284
-32242
-32200
-32158
-32116
-32074
-32032
-31990
-31946
-31904
-31860
-31818
-31774
-31730
-31686
-31642
-31598
-31554
-31510
-31466
-31420
-31376
-31330
-31284
-31238
-31194
-31148
-31100
-31054
-31008
-30962
-30914
-30866
-30820
-30772
-30724
-30676
-30628
-30580
-30532
-30482
-30434
-30384
-30334
-30286
-30236
-30186
-30136
-30084
-30034
-29984
-29932
-29880
-29830
-29778
-29726
-29674
-29622
-29568
-29516
-29462
-29410
-29356
-29302
-29248
-29194
-29140
-29084
-29030
-28974
-28920
-28864
-28808
-28752
-28696
-28638
-28582
-28524
-28468
-28410
-28352
-28294
-28236
-28176
-28118
-28058
-28000
-27940
-27880
-27820
-27760
-27698
-27638
-27576
-27514
-27452
-27390
-27328
-27266
-27202
-27140
-27076
-27012
-26948
-26884
-26818
-26754
-26688
-26624
-26558
-26492
-26424
-26358
-26290
-26224
-26156
-26088
-26020
-25950
-25882
-25812
-25742
-25672
-25602
-25532
-25460
-25388
-25318
-25246
-25172
-25100
-25026
-24954
-24880
-24806
-24730
-24656
-24580
-24506
-24428
-24352
-24276
-24198
-24122
-24044
-23964
-23886
-23806
-23728
-23648
-23568
-23486
-23406
-23324
-23242
-23160
-23076
-22992
-22910
-22824
-22740
-22656
-22570
-22484
-22398
-22310
-22222
-22134
-22046
-21958
-21868
-21778
-21688
-21598
-21506
-21414
-21322
-21230
-21136
-21042
-20948
-20852
-20756
-20660
-20564
-20468
-20370
-20272
-20172
-20072
-19972
-19872
-19770
-19668
-19566
-19464
-19360
-19254
-19150
-19044
-18938
-18832
-18724
-18616
-18506
-18396
-18286
-18174
-18064
-17950
-17838
-17724
-17608
-17492
-17376
-17260
-17142
-17024
-16904
-16784
-16662
-16540
-16418
-16294
-16170
-16044
-15918
-15790
-15662
-15534
-15404
-15274
-15142
-15008
-14874
-14740
-14604
-14468
-14330
-14190
-14050
-13910
-13768
-13624
-13480
-13334
-13188
-13040
-12890
-12740
-12588
-12436
-12282
-12126
-11968
-11810
-11652
-11490
-11328
-11164
-11000
-10832
-10664
-10494
-10324
-10150
-9976
-9800
-9622
-9442
-9262
-9078
-8894
-8706
-8518
-8328
-8136
-7942
-7744
-7546
-7346
-7144
-6938
-6732
-6522
-6310
-6096
-5880
-5660
-5438
-5214
-4988
-4758
-4526
-4290
-4052
-3810
-3566
-3318
-3068
-2814
-2556
-2294
-2030
-1762
-1490
-1214
-934
-650
-362
-68
228
530
838
1148
1466
1788
2116
2448
2788
3132
3484
3842
4206
4576
4956
5342
5736
6138
6548
6968
7396
7834
8282
8742
9212
9694
10188
10694
11214
11748
12298
12862
13444
14044
14662
15302
15962
16646
17354
18088
18852
19646
20474
21338
22242
23190
24186
25236
26344
0
0
0
0
0
0
0
0
0
0
0
0
0
0
0
0
0
0
0
0
0
0
0
0
0
0
0
0
0
0
0
0
0
0
0
0
0
0
0
0
0
0
0
0
0
0
0
0
0
0
0
0
0
0
0
0
0
0
0
0
0
0
0
0
0
0
0
0
0
0
0
0
0
0
0
0
0
0
0
0
0
0
0
0
0
0
0
0
0
0
0
0
0
0
0
0
0
0
0
0
0
0
0
0
0
0
0
0
0
0
0
0
0
0
0
0
0
0
0
0
0
0
0
0
0
0
0
0
0
0
0
0
0
0
0
0
0
0
0
0
0
0
0
0
0
0
0
0
0
0
0
0
0
0
0
0
0
0
0
0
0
0
0
0
0
0
0
0
0
0
0
0
0
0
0
0
0
0
0
0
0
0
0
0
0
0
0
0
0
0
0
0
0
0
0
0
0
0
0
0
0
0
0
0
0
0
0
0
0
0
0
0
0
0
0
0
0
0
0
0
0
0
0
0
0
0
0
0
0
0
0
0
0
0
0
0
0
0
0
0
0
0
0
0
0
0
0
0
0
0
0
0
0
0
0
0
0
0
0
0
0
0
0
0
0
0
0
0
0
0
0
0
0
0
0
0
0
0
0
0
0
0
0
0
0
0
0
0
0
0
0
0
0
0
0
0
0
0
0
0
0
0
0
0
0
0
0
0
0
0
0
0
0
0
0
0
0
0
0
0
0
0
0
0
0
0
0
0
0
0
0
0
0
0
0
0
0
0
0
0
0
0
0
0
0
0
0
0
0
0
0
0
0
0
0
0
0
0
0
0
0
0
0
0
0
0
0
0
0
0
0
0
0
0
0
0
0
0
0
0
0
0
0
0
0
0
0
0
0
0
0
0
0
0
0
0
0
0
0
0
0
0
0
0
0
0
0
0
0
0
0
0
0
0
0
0
0
0
0
0
0
0
0
0
0
0
0
0
0
0
0
0
0
0
0
0
0
0
0
0
0
0
0
0
0
0
0
0
0
0
0
0
0
0
0
0
0
0
0
0
0
0
0
0
0
0
0
0
0
0
0
0
0
0
0
0
0
0
0
0
0
0
0
0
0
0
0
0
0
0
0
0
0
0
0
0
0
0
0
0
0
0
0
0
0
0
0
0
0
0
0
0
0
0
0
0
0
0
0
0
0
0
0
0
0
0
0
0
0
0
0
0
0
0
0
0
0
0
0
0
0
0
0
0
0
0
0
0
0
0
0
0
0
0
0
0
0
0
0
0
0
0
0
0
0
0
0
0
0
0
0
0
0
0
0
0
0
0
0
0
0
0
0
0
0
0
0
0
0
0
0
0
0
0
0
0
0
0
0
0
0
0
0
0
0
0
0
0
0
0
0
0
0
0
0
0
0
0
0
0
0
0
0
0
0
0
0
0
0
0
0
0
0
0
0
0
0
0
0
0
0
0
0
0
0
0
0
0
0
0
0
0
0
0
0
0
0
0
0
0
0
0
0
0
0
0
0
0
0
0
0
0
0
0
0
0
0
0
0
0
0
0
0
0
0
0
0
0
0
0
0
0
0
0
0
0
0
0
0
0
0
0
0
0
0
0
0
0
0
0
0
0
0
0
0
0
0
0
0
0
0
0
0
0
0
0
0
0
0
0
0
0
0
0
0
0
0
0
0
0
0
0
0
0
0
0
0
0
0
0
0
0
-22806
-23914
-24962
-25958
-26906
-27810
-28676
-29502
-30298
-31060
-31796
-32504
32344
31684
31046
30426
29828
29246
28680
28130
27596
27076
26570
26076
25594
25124
24666
24218
23780
23350
22932
22520
22118
21724
21338
20960
20588
20224
19866
19516
19170
18832
18498
18170
17848
17532
17220
16914
16612
16314
16022
15734
15450
15170
14894
14622
14352
14088
13828
13570
13316
13064
12818
12572
12332
12094
11858
11626
11396
11168
10944
10722
10504
10288
10074
9862
9652
9444
9240
9038
8836
8638
8442
8248
8054
7864
7676
7490
7304
7122
6940
6760
6582
6406
6232
6060
5888
5718
5550
5384
5218
5054
4892
4732
4572
4414
4258
4102
3948
3794
3644
3492
3344
3196
3048
2904
2758
2616
2474
2332
2192
2054
1916
1778
1644
1508
1374
1242
1110
980
850
720
592
464
338
214
88
-34
-158
-280
-400
-520
-640
-758
-876
-994
-1110
-1226
-1340
-1454
-1568
-1680
-1792
-1902
-2014
-2124
-2232
-2340
-2448
-2556
-2662
-2766
-2872
-2976
-3080
-3184
-3286
-3388
-3488
-3590
-3690
-3790
-3888
-3986
-4084
-4182
-4278
-4374
-4470
-4564
-4658
-4752
-4846
-4940
-5032
-5124
-5214
-5306
-5396
-5486
-5574
-5664
-5752
-5840
-5928
-6014
-6100
-6186
-6272
-6358
-6442
-6526
-6610
-6694
-6776
-6858
-6940
-7022
-7104
-7184
-7264
-7344
-7424
-7504
-7582
-7660
-7738
-7816
-7892
-7970
-8046
-8122
-8198
-8272
-8348
-8422
-8496
-8570
-8644
-8716
-8790
-8862
-8934
-9006
-9078
-9148
-9218
-9290
-9360
-9428
-9498
-9568
-9636
-9704
-9772
-9840
-9908
-9974
-10042
-10108
-10174
-10240
-10306
-10370
-10436
-10500
-10566
-10630
-10692
-10756
-10820
-10882
-10946
-11008
-11070
-11132
-11194
-11254
-11316
-11376
-11436
-11496
-11556
-11616
-11676
-11734
-11794
-11852
-11910
-11968
-12026
-12084
-12142
-12198
-12256
-12312
-12368
-12424
-12480
-12536
-12592
-12646
-12702
-12756
-12810
-12864
-12918
-12972
-13026
-13080
-13132
-13186
-13238
-13290
-13342
-13394
-13446
-13498
-13550
-13600
-13652
-13702
-13752
-13802
-13852
-13902
-13952
-14002
-14050
-14100
-14148
-14196
-14246
-14294
-14342
-14388
-14436
-14484
-14532
-14578
-14624
-14672
-14718
-14764
-14810
-14856
-14902
-14946
-14992
-15038
-15082
-15126
-15172
-15216
-15260
-15304
-15348
-15392
-15434
-15478
-15522
-15564
-15606
-15650
-15692
-15734
-15776
-15818
-15860
-15900
-15942
-15984
-16024
-16066
-16106
-16146
-16186
-16226
-16266
-16306
-16346
-16386
-16426
-16464
-16504
-16542
-16582
-16620
-16658
-16696
-16734
-16772
-16810
-16848
-16886
-16922
-16960
-16996
-17034
-17070
-17106
-17144
-17180
-17216
-17252
-17288
-17322
-17358
-17394
-17428
-17464
-17498
-17534
-17568
-17602
-17638
-17672
-17706
-17740
-17774
-17806
-17840
-17874
-17906
-17940
-17972
-18006
-18038
-18070
-18104
-18136
-18168
-18200
-18232
-18264
-18294
-18326
-18358
-18388
-18420
-18450
-18482
-18512
-18542
-18574
-18604
-18634
-18664
-18694
-18724
-18752
-18782
-18812
-18840
-18870
-18898
-18928
-18956
-18986
-19014
-19042
-19070
-19098
-19126
-19154
-19182
-19210
-19238
-19264
-19292
-19318
-19346
-19372
-19400
-19426
-19452
-19480
-19506
-19532
-19558
-19584
-19610
-19636
-19662
-19686
-19712
-19738
-19762
-19788
-19812
-19838
-19862
-19886
-19910
-19936
-19960
-19984
-20008
-20032
-20056
-20078
-20102
-20126
-20150
-20172
-20196
-20218
-20242
-20264
-20288
-20310
-20332
-20354
-20376
-20398
-20420
-20442
-20464
-20486
-20508
-20530
-20550
-20572
-20594
-20614
-20636
-20656
-20678
-20698
-20718
-20738
-20760
-20780
-20800
-20820
-20840
-20860
-20880
-20898
-20918
-20938
-20956
-20976
-20996
-21014
-21034
-21052
-21070
-21090
-21108
-21126
-21144
-21162
-21180
-21198
-21216
-21234
-21252
-21270
-21288
-21304
-21322
-21340
-21356
-21374
-21390
-21408
-21424
-21440
-21458
-21474
-21490
-21506
-21522
-21538
-21554
-21570
-21586
-21602
-21618
-21632
-21648
-21664
-21678
-21694
-21708
-21724
-21738
-21754
-21768
-21782
-21796
-21812
-21826
-21840
-21854
-21868
-21882
-21896
-21910
-21922
-21936
-21950
-21964
-21976
-21990
-22002
-22016
-22028
-22042
-22054
-22066
-22078
-22092
-22104
-22116
-22128
-22140
-22152
-22164
-22176
-22188
-22200
-22210
-22222
-22234
-22244
-22256
-22266
-22278
-22288
-22300
-22310
-22322
-22332
-22342
-22352
-22362
-22372
-22382
-22392
-22402
-22412
-22422
-22432
-22442
-22452
-22460
-22470
-22480
-22488
-22498
-22506
-22516
-22524
-22532
-22542
-22550
-22558
-22566
-22574
-22584
-22592
-22600
-22608
-22614
-22622
-22630
-22638
-22646
-22652
-22660
-22668
-22674
-22682
-22688
-22696
-22702
-22710
-22716
-22722
-22728
-22736
-22742
-22748
-22754
-22760
-22766
-22772
-22778
-22784
-22788
-22794
-22800
-22806
-22810
-22816
-22820
-22826
-22830
-22836
-22840
-22846
-22850
-22854
-22858
-22864
-22868
-22872
-22876
-22880
-22884
-22888
-22892
-22896
-22898
-22902
-22906
-22910
-22912
-22916
-22918
-22922
-22924
-22928
-22930
-22932
-22936
-22938
-22940
-22942
-22946
-22948
-22950
-22952
-22954
-22956
-22958
-22958
-22960
-22962
-22964
-22964
-22966
-22968
-22968
-22970
-22970
-22972
-22972
-22972
-22974
-22974
-22974
-22974
-22976
-22976
-22976
-22976
