32766
32766
32766
32766
32766
32766
32766
32766
32766
32766
32766
32766
32766
32766
32766
32766
32766
32766
32766
32766
32766
32766
32766
32766
32766
32766
32766
32766
32766
32766
32766
32766
32766
32766
32766
32766
32766
32766
32766
32766
32766
32766
32766
32766
32766
32766
32766
32766
32766
32766
32766
32766
32766
32766
32766
32766
32766
32766
32766
32766
32766
32766
32766
32766
32766
32766
32766
32766
32766
32766
32766
32766
32766
32766
32766
32766
32766
32766
32766
32766
32766
32766
32766
32766
32766
32766
32766
32766
32766
32766
32766
32766
32766
32766
32766
32766
32766
32766
32766
32766
32766
32766
32766
32766
32766
32766
32766
32766
32766
32766
32766
32766
32766
32766
32766
32766
32766
32766
32766
32766
32766
32766
32766
32766
32766
32766
32766
32766
32766
32766
32766
32766
32766
32766
32766
32766
32766
32766
32766
32766
32766
32766
32766
32766
32766
32766
32766
32766
32766
32766
32766
32766
32766
32766
32766
32766
32766
32764
32764
32764
32764
32764
32764
32764
32764
32764
32764
32762
32762
32762
32762
32760
32760
32760
32758
32758
32756
32754
32754
32752
32750
32748
32746
32742
32740
32736
32732
32728
32724
32718
32712
32706
32698
32690
32680
32668
32656
32642
32626
32608
32588
32564
32540
32510
32478
32440
32400
32352
32300
32242
32174
32100
32016
31920
31814
31694
31560
31408
31238
31048
30834
30594
30326
30028
29694
29320
28906
28444
27932
27364
26736
26042
25280
24444
23528
22530
21446
20272
19008
17654
16206
14672
13052
11352
9582
7746
5858
3928
1972
0
0
0
0
0
0
0
0
0
0
0
0
0
0
0
0
0
0
0
0
0
0
0
0
0
0
0
0
0
0
0
0
0
0
0
0
0
0
0
0
0
0
0
0
0
0
0
0
0
0
0
0
0
0
0
0
0
0
0
0
0
0
0
0
0
0
0
0
0
0
0
0
0
0
0
0
0
0
0
0
0
0
0
0
0
0
0
0
0
0
0
0
0
0
0
0
0
0
0
0
0
0
0
0
0
0
0
0
0
0
0
0
0
0
0
0
0
0
0
0
0
0
0
0
0
0
0
1972
3928
5858
7746
9582
11352
13052
14672
16206
17654
19008
20272
21446
22530
23528
24444
25280
26042
26736
27364
27932
28444
28906
29320
29694
30028
30326
30594
30834
31048
31238
31408
31560
31694
31814
31920
32016
32100
32174
32242
32300
32352
32400
32440
32478
32510
32540
32564
32588
32608
32626
32642
32656
32668
32680
32690
32698
32706
32712
32718
32724
32728
32732
32736
32740
32742
32746
32748
32750
32752
32754
32754
32756
32758
32758
32760
32760
32760
32762
32762
32762
32762
32764
32764
32764
32764
32764
32764
32764
32764
32764
32764
32766
32766
32766
32766
32766
32766
32766
32766
32766
32766
32766
32766
32766
32766
32766
32766
32766
32766
32766
32766
32766
32766
32766
32766
32766
32766
32766
32766
32766
32766
32766
32766
32766
32766
32766
32766
32766
32766
32766
32766
32766
32766
32766
32766
32766
32766
32766
32766
32766
32766
32766
32766
32766
32766
32766
32766
32766
32766
32766
32766
32766
32766
32766
32766
32766
32766
32766
32766
32766
32766
32766
32766
32766
32766
32766
32766
32766
32766
32766
32766
32766
32766
32766
32766
32766
32766
32766
32766
32766
32766
32766
32766
32766
32766
32766
32766
32766
32766
32766
32766
32766
32766
32766
32766
32766
32766
32766
32766
32766
32766
32766
32766
32766
32766
32766
32766
32766
32766
32766
32766
32766
32766
32766
32766
32766
32766
32766
32766
32766
32766
32766
32766
32766
32766
32766
32766
32766
32766
32766
32766
32766
32766
32766
32766
32766
32766
32766
32766
32766
32766
32766
32766
32766
32766
32766
32766
32766
32766
32766
32766
32766
32766
32766
32766
32766
32766
32766
32766
32766
32766
32766
32766
32766
32766
32766
32766
32766
32766
32766
32766
32766
32766
32766
32766
32766
32766
32766
32766
32766
32766
32766
32766
32766
32766
32766
32766
32766
32766
32766
32766
32766
32766
32766
32766
32766
32766
32766
32766
32766
32766
32766
32766
32766
32766
32766
32766
32766
32766
32766
32766
32766
32766
32766
32766
32766
32766
32766
32766
32766
32766
32766
32766
32766
32766
32766
32766
32766
32766
32766
32766
32766
32766
32766
32766
32766
32766
32766
32766
32766
32766
32766
32766
32766
32766
32766
32766
32766
32766
32766
32766
32766
32766
32766
32766
32766
32766
32766
32766
32766
32766
32766
32766
32766
32766
32766
32766
32766
32766
32766
32766
32766
32766
32766
32766
32766
32766
32766
32766
32766
32766
32766
32766
32766
32766
32766
32766
32766
32766
32766
32766
32766
32766
32766
32766
32766
32766
32766
32766
32766
32766
32766
32766
32766
32766
32764
32764
32764
32764
32764
32764
32764
32764
32764
32764
32762
32762
32762
32762
32760
32760
32760
32758
32758
32756
32754
32754
32752
32750
32748
32746
32742
32740
32736
32732
32728
32724
32718
32712
32706
32698
32690
32680
32668
32656
32642
32626
32608
32588
32564
32540
32510
32478
32440
32400
32352
32300
32242
32174
32100
32016
31920
31814
31694
31560
31408
31238
31048
30834
30594
30326
30028
29694
29320
28906
28444
27932
27364
26736
26042
25280
24444
23528
22530
21446
20272
19008
17654
16206
14672
13052
11352
9582
7746
5858
3928
1972
0
0
0
0
0
0
0
0
0
0
0
0
0
0
0
0
0
0
0
0
0
0
0
0
0
0
0
0
0
0
0
0
0
0
0
0
0
0
0
0
0
0
0
0
0
0
0
0
0
0
0
0
0
0
0
0
0
0
0
0
0
0
0
0
0
0
0
0
0
0
0
0
0
0
0
0
0
0
0
0
0
0
0
0
0
0
0
0
0
0
0
0
0
0
0
0
0
0
0
0
0
0
0
0
0
0
0
0
0
0
0
0
0
0
0
0
0
0
0
0
0
0
0
0
0
0
0
1972
3928
5858
7746
9582
11352
13052
14672
16206
17654
19008
20272
21446
22530
23528
24444
25280
26042
26736
27364
27932
28444
28906
29320
29694
30028
30326
30594
30834
31048
31238
31408
31560
31694
31814
31920
32016
32100
32174
32242
32300
32352
32400
32440
32478
32510
32540
32564
32588
32608
32626
32642
32656
32668
32680
32690
32698
32706
32712
32718
32724
32728
32732
32736
32740
32742
32746
32748
32750
32752
32754
32754
32756
32758
32758
32760
32760
32760
32762
32762
32762
32762
32764
32764
32764
32764
32764
32764
32764
32764
32764
32764
32766
32766
32766
32766
32766
32766
32766
32766
32766
32766
32766
32766
32766
32766
32766
32766
32766
32766
32766
32766
32766
32766
32766
32766
32766
32766
32766
32766
32766
32766
32766
32766
32766
32766
32766
32766
32766
32766
32766
32766
32766
32766
32766
32766
32766
32766
32766
32766
32766
32766
32766
32766
32766
32766
32766
32766
32766
32766
32766
32766
32766
32766
32766
32766
32766
32766
32766
32766
32766
32766
32766
32766
32766
32766
32766
32766
32766
32766
32766
32766
32766
32766
32766
32766
32766
32766
32766
32766
32766
32766
32766
32766
32766
32766
32766
32766
32766
32766
32766
32766
32766
32766
32766
32766
32766
32766
32766
32766
32766
32766
32766
32766
32766
32766
32766
32766
32766
32766
32766
32766
32766
32766
32766
32766
32766
32766
32766
32766
32766
32766
32766
32766
32766
32766
32766
32766
32766
32766
32766
32766
32766
32766
32766
32766
32766
32766
32766
32766
32766
32766
32766
32766
32766
32766
32766
32766
32766
32766
32766
32766
32766
32766
32766
32766
32766
32766
32766
32766
32766
32766
32766
32766
32766
32766
32766
32766
32766
32766
32766
32766
32766
32766
32766
32766
32766
32766
32766
32766
32766
32766
32766
32766
32766
32766
32766
32766
32766
32766
32766
32766
32766
32766
32766
32766
32766
32766
32766
32766
32766
32766
32766
32766
32766
32766
32766
32766
32766
32766
32766
32766
32766
32766
32766
32766
32766
32766
32766
32766
32766
32766
32766
32766
32766
32766
32766
32766
32766
32766
32766
32766
32766
32766
32766
32766
32766
32766
32766
32766
32766
32766
32766
32766
32766
32766
32766
32766
32766
32766
32766
32766
32766
32766
32766
32766
32766
32766
32766
32766
32766
32766
32766
32766
32766
32766
32766
32766
32766
32766
32766
32766
32766
32766
32766
32766
32766
32766
32766
32766
32766
32766
32766
32766
32766
32766
32766
32766
32766
32766
32766
32766
32766
32766
32766
32766
32766
32766
32766
32766
32766
32766
32766
32766
32766
32766
32764
32764
32764
32764
32764
32764
32764
32764
32764
32764
32762
32762
32762
32762
32760
32760
32760
32758
32758
32756
32754
32754
32752
32750
32748
32746
32742
32740
32736
32732
32728
32724
32718
32712
32706
32698
32690
32680
32668
32656
32642
32626
32608
32588
32564
32540
32510
32478
32440
32400
32352
32300
32242
32174
32100
32016
31920
31814
31694
31560
31408
31238
31048
30834
30594
30326
30028
29694
29320
28906
28444
27932
27364
26736
26042
25280
24444
23528
22530
21446
20272
19008
17654
16206
14672
13052
11352
9582
7746
5858
3928
1972
0
0
0
0
0
0
0
0
0
0
0
0
0
0
0
0
0
0
0
0
0
0
0
0
0
0
0
0
0
0
0
0
0
0
0
0
0
0
0
0
0
0
0
0
0
0
0
0
0
0
0
0
0
0
0
0
0
0
0
0
0
0
0
0
0
0
0
0
0
0
0
0
0
0
0
0
0
0
0
0
0
0
0
0
0
0
0
0
0
0
0
0
0
0
0
0
0
0
0
0
0
0
0
0
0
0
0
0
0
0
0
0
0
0
0
0
0
0
0
0
0
0
0
0
0
0
0
1972
3928
5858
7746
9582
11352
13052
14672
16206
17654
19008
20272
21446
22530
23528
24444
25280
26042
26736
27364
27932
28444
28906
29320
29694
30028
30326
30594
30834
31048
31238
31408
31560
31694
31814
31920
32016
32100
32174
32242
32300
32352
32400
32440
32478
32510
32540
32564
32588
32608
32626
32642
32656
32668
32680
32690
32698
32706
32712
32718
32724
32728
32732
32736
32740
32742
32746
32748
32750
32752
32754
32754
32756
32758
32758
32760
32760
32760
32762
32762
32762
32762
32764
32764
32764
32764
32764
32764
32764
32764
32764
32764
32766
32766
32766
32766
32766
32766
32766
32766
32766
32766
32766
32766
32766
32766
32766
32766
32766
32766
32766
32766
32766
32766
32766
32766
32766
32766
32766
32766
32766
32766
32766
32766
32766
32766
32766
32766
32766
32766
32766
32766
32766
32766
32766
32766
32766
32766
32766
32766
32766
32766
32766
32766
32766
32766
32766
32766
32766
32766
32766
32766
32766
32766
32766
32766
32766
32766
32766
32766
32766
32766
32766
32766
32766
32766
32766
32766
32766
32766
32766
32766
32766
32766
32766
32766
32766
32766
32766
32766
32766
32766
32766
32766
32766
32766
32766
32766
32766
32766
32766
32766
32766
32766
32766
32766
32766
32766
32766
32766
32766
32766
32766
32766
32766
32766
32766
32766
32766
32766
32766
32766
32766
32766
32766
32766
32766
32766
32766
32766
32766
32766
32766
32766
32766
32766
32766
32766
32766
32766
32766
32766
32766
32766
32766
32766
32766
32766
32766
32766
32766
32766
32766
32766
32766
32766
32766
32766
32766
32766
32766
32766
32766
32766
32766
32766
32766
32766
32766
32766
32766
32766
32766
32766
32766
32766
32766
32766
32766
32766
32766
32766
32766
32766
32766
32766
32766
32766
32766
32766
32766
32766
32766
32766
32766
32766
32766
32766
32766
32766
32766
32766
32766
32766
32766
32766
32766
32766
32766
32766
32766
32766
32766
32766
32766
32766
32766
32766
32766
32766
32766
32766
32766
32766
32766
32766
32766
32766
32766
32766
32766
32766
32766
32766
32766
32766
32766
32766
32766
32766
32766
32766
32766
32766
32766
32766
32766
32766
32766
32766
32766
32766
32766
32766
32766
32766
32766
32766
32766
32766
32766
32766
32766
32766
32766
32766
32766
32766
32766
32766
32766
32766
32766
32766
32766
32766
32766
32766
32766
32766
32766
32766
32766
32766
32766
32766
32766
32766
32766
32766
32766
32766
32766
32766
32766
32766
32766
32766
32766
32766
32766
32766
32766
32766
32766
32766
32766
32766
32766
32766
32766
32766
32766
32766
32766
32766
32764
32764
32764
32764
32764
32764
32764
32764
32764
32764
32762
32762
32762
32762
32760
32760
32760
32758
32758
32756
32754
32754
32752
32750
32748
32746
32742
32740
32736
32732
32728
32724
32718
32712
32706
32698
32690
32680
32668
32656
32642
32626
32608
32588
32564
32540
32510
32478
32440
32400
32352
32300
32242
32174
32100
32016
31920
31814
31694
31560
31408
31238
31048
30834
30594
30326
30028
29694
29320
28906
28444
27932
27364
26736
26042
25280
24444
23528
22530
21446
20272
19008
17654
16206
14672
13052
11352
9582
7746
5858
3928
1972
0
0
0
0
0
0
0
0
0
0
0
0
0
0
0
0
0
0
0
0
0
0
0
0
0
0
0
0
0
0
0
0
0
0
0
0
0
0
0
0
0
0
0
0
0
0
0
0
0
0
0
0
0
0
0
0
0
0
0
0
0
0
0
0
0
0
0
0
0
0
0
0
0
0
0
0
0
0
0
0
0
0
0
0
0
0
0
0
0
0
0
0
0
0
0
0
0
0
0
0
0
0
0
0
0
0
0
0
0
0
0
0
0
0
0
0
0
0
0
0
0
0
0
0
0
0
0
1972
3928
5858
7746
9582
11352
13052
14672
16206
17654
19008
20272
21446
22530
23528
24444
25280
26042
26736
27364
27932
28444
28906
29320
29694
30028
30326
30594
30834
31048
31238
31408
31560
31694
31814
31920
32016
32100
32174
32242
32300
32352
32400
32440
32478
32510
32540
32564
32588
32608
32626
32642
32656
32668
32680
32690
32698
32706
32712
32718
32724
32728
32732
32736
32740
32742
32746
32748
32750
32752
32754
32754
32756
32758
32758
32760
32760
32760
32762
32762
32762
32762
32764
32764
32764
32764
32764
32764
32764
32764
32764
32764
32766
32766
32766
32766
32766
32766
32766
32766
32766
32766
32766
32766
32766
32766
32766
32766
32766
32766
32766
32766
32766
32766
32766
32766
32766
32766
32766
32766
32766
32766
32766
32766
32766
32766
32766
32766
32766
32766
32766
32766
32766
32766
32766
32766
32766
32766
32766
32766
32766
32766
32766
32766
32766
32766
32766
32766
32766
32766
32766
32766
32766
32766
32766
32766
32766
32766
32766
32766
32766
32766
32766
32766
32766
32766
32766
32766
32766
32766
32766
32766
32766
32766
32766
32766
32766
32766
32766
32766
32766
32766
32766
32766
32766
32766
32766
32766
32766
32766
32766
32766
32766
32766
32766
32766
32766
32766
32766
32766
32766
32766
32766
32766
32766
32766
32766
32766
32766
32766
32766
32766
32766
32766
32766
32766
32766
32766
32766
32766
32766
32766
32766
32766
32766
32766
32766
32766
32766
32766
32766
32766
32766
32766
32766
32766
32766
32766
32766
32766
32766
32766
32766
32766
32766
32766
32766
32766
32766
