0
0
0
2
4
4
6
10
12
14
18
22
26
30
34
40
46
50
56
64
70
78
84
92
100
108
118
126
136
146
156
166
176
188
198
210
222
236
248
260
274
288
302
316
332
346
362
378
394
410
428
444
462
480
498
518
536
556
576
596
616
636
658
680
702
724
746
768
792
816
840
864
888
914
940
966
992
1018
1044
1072
1100
1128
1156
1184
1214
1244
1274
1304
1334
1366
1398
1428
1462
1494
1526
1560
1594
1628
1662
1698
1734
1768
1806
1842
1878
1916
1954
1992
2030
2070
2108
2148
2190
2230
2270
2312
2354
2396
2440
2482
2526
2570
2614
2660
2706
2752
2798
2844
2892
2938
2986
3036
3084
3134
3184
3234
3284
3336
3388
3440
3494
3546
3600
3654
3708
3764
3820
3876
3932
3990
4048
4106
4164
4224
4282
4342
4404
4464
4526
4590
4652
4716
4780
4844
4908
4974
5040
5108
5174
5242
5310
5380
5450
5520
5590
5662
5734
5806
5880
5954
6028
6102
6178
6254
6332
6410
6488
6566
6646
6726
6806
6888
6970
7054
7138
7222
7306
7392
7478
7566
7654
7742
7832
7922
8012
8104
8196
8290
8384
8478
8574
8670
8768
8866
8966
9064
9166
9266
9370
9472
9576
9682
9788
9894
10002
10110
10220
10332
10442
10556
10670
10784
10900
11016
11134
11252
11372
11494
11616
11738
11862
11988
12114
12242
12372
12502
12634
12766
12900
13034
13172
13308
13448
13588
13730
13874
14018
14164
14312
14460
14610
14762
14916
15072
15228
15386
15546
15708
15872
16036
16204
16372
16546
16718
16894
17070
17248
17428
17610
17794
17980
18168
18360
18552
18748
18946
19146
19348
19552
19760
19970
20184
20398
20616
20838
21062
21288
21518
21752
21988
22228
22470
22718
22968
23220
23478
23740
24004
24274
24546
24824
25106
25392
25684
25980
26280
26586
26898
27214
27538
27866
28200
28540
28888
29242
29602
29970
30346
30728
31120
31520
31928
32346
32774
33212
33660
34120
34590
35074
35570
36078
36602
37140
37694
38266
38854
39462
40090
40740
41414
42110
42834
43588
44370
45188
46042
46936
47874
48860
49904
51004
52172
53414
54744
56172
57714
59392
61232
63266
65540
68120
71100
74628
78948
84526
0
0
0
0
0
0
0
0
0
0
0
0
0
0
0
0
0
0
0
0
0
0
0
0
0
0
0
0
0
0
0
0
0
0
0
0
0
0
0
0
0
0
0
0
0
0
0
0
0
0
0
0
0
0
0
0
0
0
0
0
0
0
0
0
0
0
0
0
0
0
0
0
0
0
0
0
0
0
0
0
0
0
0
0
0
0
0
0
0
0
0
0
0
0
0
0
0
0
0
0
0
0
0
0
0
0
0
0
0
0
0
0
0
0
0
0
0
0
0
0
0
0
0
0
0
0
0
0
0
0
0
0
0
0
0
0
0
0
0
0
0
0
0
0
0
0
0
0
0
0
0
0
0
0
0
0
0
0
0
0
0
0
0
0
0
0
0
0
0
0
0
0
0
0
0
0
0
0
0
0
0
0
0
0
0
0
0
0
0
0
0
0
0
0
0
0
0
0
0
0
0
0
0
0
0
0
0
0
0
0
0
0
0
0
0
0
0
0
0
0
0
0
0
0
0
0
0
0
0
0
0
0
0
0
0
0
0
0
0
0
0
0
0
0
0
0
0
0
0
0
0
0
0
0
0
0
0
0
0
0
0
0
0
0
0
0
0
0
0
0
0
0
0
0
0
0
0
0
0
0
0
0
0
0
0
0
0
0
0
0
0
0
0
0
0
0
0
0
0
0
0
0
0
0
0
0
0
0
0
0
0
0
0
0
0
0
0
0
0
0
0
0
0
0
0
0
0
0
0
0
0
0
0
0
0
0
0
0
0
0
0
0
0
0
0
0
0
0
0
0
0
0
0
0
0
0
0
0
0
0
0
0
0
0
0
0
0
0
0
0
0
0
0
0
0
0
0
0
0
0
0
0
0
0
0
0
0
0
0
0
0
0
0
0
0
0
0
0
0
0
0
0
0
0
0
0
0
0
0
0
0
0
0
0
0
0
0
0
0
0
0
0
0
0
0
0
0
0
0
0
0
0
0
0
0
0
0
0
0
0
0
0
0
0
0
0
0
0
0
0
0
0
0
0
0
0
0
0
0
0
0
0
0
0
0
0
0
0
0
0
0
0
0
0
0
0
0
0
0
0
0
0
0
0
0
0
0
0
0
0
0
0
0
0
0
0
0
0
0
0
0
0
0
0
0
0
0
0
0
0
0
0
0
0
0
0
0
0
0
0
0
0
0
0
0
0
0
0
0
0
0
0
0
0
0
0
0
0
0
0
0
0
0
0
0
0
0
0
0
0
0
0
0
0
0
0
0
0
0
0
0
0
0
0
0
0
0
0
0
0
0
0
0
0
0
0
0
0
0
0
0
0
0
0
0
0
0
0
0
0
0
0
0
0
0
0
0
0
0
0
0
0
0
0
0
0
0
0
0
0
0
0
0
0
0
0
0
0
0
0
0
0
0
0
0
0
0
0
0
0
0
0
0
0
0
0
0
0
0
0
0
0
0
0
0
0
0
0
0
0
0
0
0
0
0
0
0
0
0
0
0
0
0
0
0
0
0
0
0
0
0
0
0
0
0
0
0
0
0
0
0
0
0
0
0
0
0
0
0
0
0
0
0
0
0
0
0
0
0
0
0
0
0
0
0
0
0
0
0
0
0
0
0
0
0
0
0
0
0
0
0
0
0
0
0
0
0
0
0
0
0
0
0
0
0
0
0
0
0
0
0
0
0
0
0
0
0
0
0
0
0
0
0
0
0
0
0
0
0
0
0
0
0
0
0
0
0
0
0
0
0
0
0
0
0
100910
95336
91016
87488
84508
81928
79650
77616
75776
74098
72556
71128
69798
68556
67388
66288
65248
64262
63324
62430
61576
60758
59976
59222
58498
57802
57128
56478
55850
55242
54654
54082
53528
52990
52466
51958
51462
50978
50508
50048
49600
49162
48730
48312
47904
47504
47112
46730
46354
45986
45626
45272
44924
44584
44250
43922
43598
43282
42970
42664
42364
42068
41776
41490
41208
40930
40658
40388
40124
39862
39604
39352
39102
38854
38612
38372
38136
37902
37672
37446
37222
37000
36782
36568
36354
36144
35936
35732
35530
35330
35132
34936
34744
34552
34364
34178
33994
33812
33632
33454
33278
33102
32930
32760
32592
32424
32260
32096
31934
31774
31616
31460
31304
31150
30998
30848
30700
30552
30406
30262
30118
29976
29836
29696
29560
29422
29288
29154
29022
28890
28760
28630
28502
28376
28250
28126
28004
27882
27760
27640
27522
27404
27288
27172
27058
26944
26830
26720
26608
26498
26390
26282
26176
26070
25964
25860
25758
25654
25554
25452
25354
25254
25156
25058
24962
24866
24772
24678
24584
24492
24400
24310
24220
24130
24042
23954
23866
23780
23694
23610
23526
23442
23358
23276
23194
23114
23034
22954
22876
22798
22720
22642
22566
22490
22416
22342
22268
22194
22122
22050
21978
21908
21838
21768
21698
21630
21562
21496
21428
21362
21296
21232
21168
21104
21040
20978
20914
20852
20792
20730
20670
20612
20552
20494
20436
20378
20320
20264
20208
20152
20096
20042
19988
19934
19882
19828
19776
19724
19672
19622
19572
19522
19472
19424
19374
19326
19280
19232
19186
19140
19094
19048
19002
18958
18914
18870
18828
18784
18742
18700
18658
18618
18578
18536
18496
18458
18418
18380
18342
18304
18266
18230
18194
18156
18122
18086
18050
18016
17982
17948
17914
17882
17850
17816
17786
17754
17722
17692
17662
17632
17602
17572
17544
17516
17488
17460
17432
17406
17380
17354
17328
17302
17276
17252
17228
17204
17180
17156
17134
17112
17090
17068
17046
17024
17004
16984
16964
16944
16924
16906
16886
16868
16850
16832
16816
16798
16782
16766
16750
16734
16720
16704
16690
16676
16662
16648
16636
16624
16610
16598
16586
16576
16564
16554
16544
16534
16524
16514
16506
16496
16488
16480
16472
16466
16458
16452
16444
16438
16434
16428
16422
16418
16414
16410
16406
16402
16400
16398
16394
16392
16392
16390
16388
16388
16388
16388
16388
16388
16390
16392
16392
16394
16398
16400
16402
16406
16410
16414
16418
16422
16428
16434
16438
16444
16452
16458
16466
16472
16480
16488
16496
16506
16514
16524
16534
16544
16554
16564
16576
16586
16598
16610
16624
16636
16648
16662
16676
16690
16704
16720
16734
16750
16766
16782
16798
16816
16832
16850
16868
16886
16906
16924
16944
16964
16984
17004
17024
17046
17068
17090
17112
17134
17156
17180
17204
17228
17252
17276
17302
17328
17354
17380
17406
17432
17460
17488
17516
17544
17572
17602
17632
17662
17692
17722
17754
17786
17816
17850
17882
17914
17948
17982
18016
18050
18086
18122
18156
18194
18230
18266
18304
18342
18380
18418
18458
18496
18536
18578
18618
18658
18700
18742
18784
18828
18870
18914
18958
19002
19048
19094
19140
19186
19232
19280
19326
19374
19424
19472
19522
19572
19622
19672
19724
19776
19828
19882
19934
19988
20042
20096
20152
20208
20264
20320
20378
20436
20494
20552
20612
20670
20730
20792
20852
20914
20978
21040
21104
21168
21232
21296
21362
21428
21496
21562
21630
21698
21768
21838
21908
21978
22050
22122
22194
22268
22342
22416
22490
22566
22642
22720
22798
22876
22954
23034
23114
23194
23276
23358
23442
23526
23610
23694
23780
23866
23954
24042
24130
24220
24310
24400
24492
24584
24678
24772
24866
24962
25058
25156
25254
25354
25452
25554
25654
25758
25860
25964
26070
26176
26282
26390
26498
26608
26720
26830
26944
27058
27172
27288
27404
27522
27640
27760
27882
28004
28126
28250
28376
28502
28630
28760
28890
29022
29154
29288
29422
29560
29696
29836
29976
30118
30262
30406
30552
30700
30848
30998
31150
31304
31460
31616
31774
31934
32096
32260
32424
32592
32760
32930
33102
33278
33454
33632
33812
33994
34178
34364
34552
34744
34936
35132
35330
35530
35732
35936
36144
36354
36568
36782
37000
37222
37446
37672
37902
38136
38372
38612
38854
39102
39352
39604
39862
40124
40388
40658
40930
41208
41490
41776
42068
42364
42664
42970
43282
43598
43922
44250
44584
44924
45272
45626
45986
46354
46730
47112
47504
47904
48312
48730
49162
49600
50048
50508
50978
51462
51958
52466
52990
53528
54082
54654
55242
55850
56478
57128
57802
58498
59222
59976
60758
61576
62430
63324
64262
65248
66288
67388
68556
69798
71128
72556
74098
75776
77616
79650
81928
84508
87488
91016
95336
100910
0
0
0
0
0
0
0
0
0
0
0
0
0
0
0
0
0
0
0
0
0
0
0
0
0
0
0
0
0
0
0
0
0
0
0
0
0
0
0
0
0
0
0
0
0
0
0
0
0
0
0
0
0
0
0
0
0
0
0
0
0
0
0
0
0
0
0
0
0
0
0
0
0
0
0
0
0
0
0
0
0
0
0
0
0
0
0
0
0
0
0
0
0
0
0
0
0
0
0
0
0
0
0
0
0
0
0
0
0
0
0
0
0
0
0
0
0
0
0
0
0
0
0
0
0
0
0
0
0
0
0
0
0
0
0
0
0
0
0
0
0
0
0
0
0
0
0
0
0
0
0
0
0
0
0
0
0
0
0
0
0
0
0
0
0
0
0
0
0
0
0
0
0
0
0
0
0
0
0
0
0
0
0
0
0
0
0
0
0
0
0
0
0
0
0
0
0
0
0
0
0
0
0
0
0
0
0
0
0
0
0
0
0
0
0
0
0
0
0
0
0
0
0
0
0
0
0
0
0
0
0
0
0
0
0
0
0
0
0
0
0
0
0
0
0
0
0
0
0
0
0
0
0
0
0
0
0
0
0
0
0
0
0
0
0
0
0
0
0
0
0
0
0
0
0
0
0
0
0
0
0
0
0
0
0
0
0
0
0
0
0
0
0
0
0
0
0
0
0
0
0
0
0
0
0
0
0
0
0
0
0
0
0
0
0
0
0
0
0
0
0
0
0
0
0
0
0
0
0
0
0
0
0
0
0
0
0
0
0
0
0
0
0
0
0
0
0
0
0
0
0
0
0
0
0
0
0
0
0
0
0
0
0
0
0
0
0
0
0
0
0
0
0
0
0
0
0
0
0
0
0
0
0
0
0
0
0
0
0
0
0
0
0
0
0
0
0
0
0
0
0
0
0
0
0
0
0
0
0
0
0
0
0
0
0
0
0
0
0
0
0
0
0
0
0
0
0
0
0
0
0
0
0
0
0
0
0
0
0
0
0
0
0
0
0
0
0
0
0
0
0
0
0
0
0
0
0
0
0
0
0
0
0
0
0
0
0
0
0
0
0
0
0
0
0
0
0
0
0
0
0
0
0
0
0
0
0
0
0
0
0
0
0
0
0
0
0
0
0
0
0
0
0
0
0
0
0
0
0
0
0
0
0
0
0
0
0
0
0
0
0
0
0
0
0
0
0
0
0
0
0
0
0
0
0
0
0
0
0
0
0
0
0
0
0
0
0
0
0
0
0
0
0
0
0
0
0
0
0
0
0
0
0
0
0
0
0
0
0
0
0
0
0
0
0
0
0
0
0
0
0
0
0
0
0
0
0
0
0
0
0
0
0
0
0
0
0
0
0
0
0
0
0
0
0
0
0
0
0
0
0
0
0
0
0
0
0
0
0
0
0
0
0
0
0
0
0
0
0
0
0
0
0
0
0
0
0
0
0
0
0
0
0
0
0
0
0
0
0
0
0
0
0
0
0
0
0
0
0
0
0
0
0
0
0
0
0
0
0
0
0
0
0
0
0
0
0
0
0
0
0
0
0
0
0
0
0
0
0
0
0
0
0
0
0
0
0
0
0
0
0
0
0
0
0
0
0
0
0
0
0
0
0
0
0
0
0
0
0
0
0
0
0
0
0
0
0
0
0
0
0
0
0
0
0
0
0
0
0
0
0
0
0
0
0
0
0
0
0
0
0
0
0
0
0
0
0
0
0
0
0
0
0
0
0
0
0
0
0
0
0
0
0
0
0
100910
95336
91016
87488
84508
81928
79650
77616
75776
74098
72556
71128
69798
68556
67388
66288
65248
64262
63324
62430
61576
60758
59976
59222
58498
57802
57128
56478
55850
55242
54654
54082
53528
52990
52466
51958
51462
50978
50508
50048
49600
49162
48730
48312
47904
47504
47112
46730
46354
45986
45626
45272
44924
44584
44250
43922
43598
43282
42970
42664
42364
42068
41776
41490
41208
40930
40658
40388
40124
39862
39604
39352
39102
38854
38612
38372
38136
37902
37672
37446
37222
37000
36782
36568
36354
36144
35936
35732
35530
35330
35132
34936
34744
34552
34364
34178
33994
33812
33632
33454
33278
33102
32930
32760
32592
32424
32260
32096
31934
31774
31616
31460
31304
31150
30998
30848
30700
30552
30406
30262
30118
29976
29836
29696
29560
29422
29288
29154
29022
28890
28760
28630
28502
28376
28250
28126
28004
27882
27760
27640
27522
27404
27288
27172
27058
26944
26830
26720
26608
26498
26390
26282
26176
26070
25964
25860
25758
25654
25554
25452
25354
25254
25156
25058
24962
24866
24772
24678
24584
24492
24400
24310
24220
24130
24042
23954
23866
23780
23694
23610
23526
23442
23358
23276
23194
23114
23034
22954
22876
22798
22720
22642
22566
22490
22416
22342
22268
22194
22122
22050
21978
21908
21838
21768
21698
21630
21562
21496
21428
21362
21296
21232
21168
21104
21040
20978
20914
20852
20792
20730
20670
20612
20552
20494
20436
20378
20320
20264
20208
20152
20096
20042
19988
19934
19882
19828
19776
19724
19672
19622
19572
19522
19472
19424
19374
19326
19280
19232
19186
19140
19094
19048
19002
18958
18914
18870
18828
18784
18742
18700
18658
18618
18578
18536
18496
18458
18418
18380
18342
18304
18266
18230
18194
18156
18122
18086
18050
18016
17982
17948
17914
17882
17850
17816
17786
17754
17722
17692
17662
17632
17602
17572
17544
17516
17488
17460
17432
17406
17380
17354
17328
17302
17276
17252
17228
17204
17180
17156
17134
17112
17090
17068
17046
17024
17004
16984
16964
16944
16924
16906
16886
16868
16850
16832
16816
16798
16782
16766
16750
16734
16720
16704
16690
16676
16662
16648
16636
16624
16610
16598
16586
16576
16564
16554
16544
16534
16524
16514
16506
16496
16488
16480
16472
16466
16458
16452
16444
16438
16434
16428
16422
16418
16414
16410
16406
16402
16400
16398
16394
16392
16392
16390
16388
16388
16388
16388
16388
16388
16390
16392
16392
16394
16398
16400
16402
16406
16410
16414
16418
16422
16428
16434
16438
16444
16452
16458
16466
16472
16480
16488
16496
16506
16514
16524
16534
16544
16554
16564
16576
16586
16598
16610
16624
16636
16648
16662
16676
16690
16704
16720
16734
16750
16766
16782
16798
16816
16832
16850
16868
16886
16906
16924
16944
16964
16984
17004
17024
17046
17068
17090
17112
17134
17156
17180
17204
17228
17252
17276
17302
17328
17354
17380
17406
17432
17460
17488
17516
17544
17572
17602
17632
17662
17692
17722
17754
17786
17816
17850
17882
17914
17948
17982
18016
18050
18086
18122
18156
18194
18230
18266
18304
18342
18380
18418
18458
18496
18536
18578
18618
18658
18700
18742
18784
18828
18870
18914
18958
19002
19048
19094
19140
19186
19232
19280
19326
19374
19424
19472
19522
19572
19622
19672
19724
19776
19828
19882
19934
19988
20042
20096
20152
20208
20264
20320
20378
20436
20494
20552
20612
20670
20730
20792
20852
20914
20978
21040
21104
21168
21232
21296
21362
21428
21496
21562
21630
21698
21768
21838
21908
21978
22050
22122
22194
22268
22342
22416
22490
22566
22642
22720
22798
22876
22954
23034
23114
23194
23276
23358
23442
23526
23610
23694
23780
23866
23954
24042
24130
24220
24310
24400
24492
24584
24678
24772
24866
24962
25058
25156
25254
25354
25452
25554
25654
25758
25860
25964
26070
26176
26282
26390
26498
26608
26720
26830
26944
27058
27172
27288
27404
27522
27640
27760
27882
28004
28126
28250
28376
28502
28630
28760
28890
29022
29154
29288
29422
29560
29696
29836
29976
30118
30262
30406
30552
30700
30848
30998
31150
31304
31460
31616
31774
31934
32096
32260
32424
32592
32760
32930
33102
33278
33454
33632
33812
33994
34178
34364
34552
34744
34936
35132
35330
35530
35732
35936
36144
36354
36568
36782
37000
37222
37446
37672
37902
38136
38372
38612
38854
39102
39352
39604
39862
40124
40388
40658
40930
41208
41490
41776
42068
42364
42664
42970
43282
43598
43922
44250
44584
44924
45272
45626
45986
46354
46730
47112
47504
47904
48312
48730
49162
49600
50048
50508
50978
51462
51958
52466
52990
53528
54082
54654
55242
55850
56478
57128
57802
58498
59222
59976
60758
61576
62430
63324
64262
65248
66288
67388
68556
69798
71128
72556
74098
75776
77616
79650
81928
84508
87488
91016
95336
100910
0
0
0
0
0
0
0
0
0
0
0
0
0
0
0
0
0
0
0
0
0
0
0
0
0
0
0
0
0
0
0
0
0
0
0
0
0
0
0
0
0
0
0
0
0
0
0
0
0
0
0
0
0
0
0
0
0
0
0
0
0
0
0
0
0
0
0
0
0
0
0
0
0
0
0
0
0
0
0
0
0
0
0
0
0
0
0
0
0
0
0
0
0
0
0
0
0
0
0
0
0
0
0
0
0
0
0
0
0
0
0
0
0
0
0
0
0
0
0
0
0
0
0
0
0
0
0
0
0
0
0
0
0
0
0
0
0
0
0
0
0
0
0
0
0
0
0
0
0
0
0
0
0
0
0
0
0
0
0
0
0
0
0
0
0
0
0
0
0
0
0
0
0
0
0
0
0
0
0
0
0
0
0
0
0
0
0
0
0
0
0
0
0
0
0
0
0
0
0
0
0
0
0
0
0
0
0
0
0
0
0
0
0
0
0
0
0
0
0
0
0
0
0
0
0
0
0
0
0
0
0
0
0
0
0
0
0
0
0
0
0
0
0
0
0
0
0
0
0
0
0
0
0
0
0
0
0
0
0
0
0
0
0
0
0
0
0
0
0
0
0
0
0
0
0
0
0
0
0
0
0
0
0
0
0
0
0
0
0
0
0
0
0
0
0
0
0
0
0
0
0
0
0
0
0
0
0
0
0
0
0
0
0
0
0
0
0
0
0
0
0
0
0
0
0
0
0
0
0
0
0
0
0
0
0
0
0
0
0
0
0
0
0
0
0
0
0
0
0
0
0
0
0
0
0
0
0
0
0
0
0
0
0
0
0
0
0
0
0
0
0
0
0
0
0
0
0
0
0
0
0
0
0
0
0
0
0
0
0
0
0
0
0
0
0
0
0
0
0
0
0
0
0
0
0
0
0
0
0
0
0
0
0
0
0
0
0
0
0
0
0
0
0
0
0
0
0
0
0
0
0
0
0
0
0
0
0
0
0
0
0
0
0
0
0
0
0
0
0
0
0
0
0
0
0
0
0
0
0
0
0
0
0
0
0
0
0
0
0
0
0
0
0
0
0
0
0
0
0
0
0
0
0
0
0
0
0
0
0
0
0
0
0
0
0
0
0
0
0
0
0
0
0
0
0
0
0
0
0
0
0
0
0
0
0
0
0
0
0
0
0
0
0
0
0
0
0
0
0
0
0
0
0
0
0
0
0
0
0
0
0
0
0
0
0
0
0
0
0
0
0
0
0
0
0
0
0
0
0
0
0
0
0
0
0
0
0
0
0
0
0
0
0
0
0
0
0
0
0
0
0
0
0
0
0
0
0
0
0
0
0
0
0
0
0
0
0
0
0
0
0
0
0
0
0
0
0
0
0
0
0
0
0
0
0
0
0
0
0
0
0
0
0
0
0
0
0
0
0
0
0
0
0
0
0
0
0
0
0
0
0
0
0
0
0
0
0
0
0
0
0
0
0
0
0
0
0
0
0
0
0
0
0
0
0
0
0
0
0
0
0
0
0
0
0
0
0
0
0
0
0
0
0
0
0
0
0
0
0
0
0
0
0
0
0
0
0
0
0
0
0
0
0
0
0
0
0
0
0
0
0
0
0
0
0
0
0
0
0
0
0
0
0
0
0
0
0
0
0
0
0
0
0
0
0
0
0
0
0
0
0
0
0
0
0
0
0
0
0
0
0
0
0
0
0
0
0
0
0
0
0
0
0
0
0
0
0
0
0
0
0
0
0
0
0
100910
95336
91016
87488
84508
81928
79650
77616
75776
74098
72556
71128
69798
68556
67388
66288
65248
64262
63324
62430
61576
60758
59976
59222
58498
57802
57128
56478
55850
55242
54654
54082
53528
52990
52466
51958
51462
50978
50508
50048
49600
49162
48730
48312
47904
47504
47112
46730
46354
45986
45626
45272
44924
44584
44250
43922
43598
43282
42970
42664
42364
42068
41776
41490
41208
40930
40658
40388
40124
39862
39604
39352
39102
38854
38612
38372
38136
37902
37672
37446
37222
37000
36782
36568
36354
36144
35936
35732
35530
35330
35132
34936
34744
34552
34364
34178
33994
33812
33632
33454
33278
33102
32930
32760
32592
32424
32260
32096
31934
31774
31616
31460
31304
31150
30998
30848
30700
30552
30406
30262
30118
29976
29836
29696
29560
29422
29288
29154
29022
28890
28760
28630
28502
28376
28250
28126
28004
27882
27760
27640
27522
27404
27288
27172
27058
26944
26830
26720
26608
26498
26390
26282
26176
26070
25964
25860
25758
25654
25554
25452
25354
25254
25156
25058
24962
24866
24772
24678
24584
24492
24400
24310
24220
24130
24042
23954
23866
23780
23694
23610
23526
23442
23358
23276
23194
23114
23034
22954
22876
22798
22720
22642
22566
22490
22416
22342
22268
22194
22122
22050
21978
21908
21838
21768
21698
21630
21562
21496
21428
21362
21296
21232
21168
21104
21040
20978
20914
20852
20792
20730
20670
20612
20552
20494
20436
20378
20320
20264
20208
20152
20096
20042
19988
19934
19882
19828
19776
19724
19672
19622
19572
19522
19472
19424
19374
19326
19280
19232
19186
19140
19094
19048
19002
18958
18914
18870
18828
18784
18742
18700
18658
18618
18578
18536
18496
18458
18418
18380
18342
18304
18266
18230
18194
18156
18122
18086
18050
18016
17982
17948
17914
17882
17850
17816
17786
17754
17722
17692
17662
17632
17602
17572
17544
17516
17488
17460
17432
17406
17380
17354
17328
17302
17276
17252
17228
17204
17180
17156
17134
17112
17090
17068
17046
17024
17004
16984
16964
16944
16924
16906
16886
16868
16850
16832
16816
16798
16782
16766
16750
16734
16720
16704
16690
16676
16662
16648
16636
16624
16610
16598
16586
16576
16564
16554
16544
16534
16524
16514
16506
16496
16488
16480
16472
16466
16458
16452
16444
16438
16434
16428
16422
16418
16414
16410
16406
16402
16400
16398
16394
16392
16392
16390
16388
16388
16388
16388
16388
16388
16390
16392
16392
16394
16398
16400
16402
16406
16410
16414
16418
16422
16428
16434
16438
16444
16452
16458
16466
16472
16480
16488
16496
16506
16514
16524
16534
16544
16554
16564
16576
16586
16598
16610
16624
16636
16648
16662
16676
16690
16704
16720
16734
16750
16766
16782
16798
16816
16832
16850
16868
16886
16906
16924
16944
16964
16984
17004
17024
17046
17068
17090
17112
17134
17156
17180
17204
17228
17252
17276
17302
17328
17354
17380
17406
17432
17460
17488
17516
17544
17572
17602
17632
17662
17692
17722
17754
17786
17816
17850
17882
17914
17948
17982
18016
18050
18086
18122
18156
18194
18230
18266
18304
18342
18380
18418
18458
18496
18536
18578
18618
18658
18700
18742
18784
18828
18870
18914
18958
19002
19048
19094
19140
19186
19232
19280
19326
19374
19424
19472
19522
19572
19622
19672
19724
19776
19828
19882
19934
19988
20042
20096
20152
20208
20264
20320
20378
20436
20494
20552
20612
20670
20730
20792
20852
20914
20978
21040
21104
21168
21232
21296
21362
21428
21496
21562
21630
21698
21768
21838
21908
21978
22050
22122
22194
22268
22342
22416
22490
22566
22642
22720
22798
22876
22954
23034
23114
23194
23276
23358
23442
23526
23610
23694
23780
23866
23954
24042
24130
24220
24310
24400
24492
24584
24678
24772
24866
24962
25058
25156
25254
25354
25452
25554
25654
25758
25860
25964
26070
26176
26282
26390
26498
26608
26720
26830
26944
27058
27172
27288
27404
27522
27640
27760
27882
28004
28126
28250
28376
28502
28630
28760
28890
29022
29154
29288
29422
29560
29696
29836
29976
30118
30262
30406
30552
30700
30848
30998
31150
31304
31460
31616
31774
31934
32096
32260
32424
32592
32760
32930
33102
33278
33454
33632
33812
33994
34178
34364
34552
34744
34936
35132
35330
35530
35732
35936
36144
36354
36568
36782
37000
37222
37446
37672
37902
38136
38372
38612
38854
39102
39352
39604
39862
40124
40388
40658
40930
41208
41490
41776
42068
42364
42664
42970
43282
43598
43922
44250
44584
44924
45272
45626
45986
46354
46730
47112
47504
47904
48312
48730
49162
49600
50048
50508
50978
51462
51958
52466
52990
53528
54082
54654
55242
55850
56478
57128
57802
58498
59222
59976
60758
61576
62430
63324
64262
65248
66288
67388
68556
69798
71128
72556
74098
75776
77616
79650
81928
84508
87488
91016
95336
100910
0
0
0
0
0
0
0
0
0
0
0
0
0
0
0
0
0
0
0
0
0
0
0
0
0
0
0
0
0
0
0
0
0
0
0
0
0
0
0
0
0
0
0
0
0
0
0
0
0
0
0
0
0
0
0
0
0
0
0
0
0
0
0
0
0
0
0
0
0
0
0
0
0
0
0
0
0
0
0
0
0
0
0
0
0
0
0
0
0
0
0
0
0
0
0
0
0
0
0
0
0
0
0
0
0
0
0
0
0
0
0
0
0
0
0
0
0
0
0
0
0
0
0
0
0
0
0
0
0
0
0
0
0
0
0
0
0
0
0
0
0
0
0
0
0
0
0
0
0
0
0
0
0
0
0
0
0
0
0
0
0
0
0
0
0
0
0
0
0
0
0
0
0
0
0
0
0
0
0
0
0
0
0
0
0
0
0
0
0
0
0
0
0
0
0
0
0
0
0
0
0
0
0
0
0
0
0
0
0
0
0
0
0
0
0
0
0
0
0
0
0
0
0
0
0
0
0
0
0
0
0
0
0
0
0
0
0
0
0
0
0
0
0
0
0
0
0
0
0
0
0
0
0
0
0
0
0
0
0
0
0
0
0
0
0
0
0
0
0
0
0
0
0
0
0
0
0
0
0
0
0
0
0
0
0
0
0
0
0
0
0
0
0
0
0
0
0
0
0
0
0
0
0
0
0
0
0
0
0
0
0
0
0
0
0
0
0
0
0
0
0
0
0
0
0
0
0
0
0
0
0
0
0
0
0
0
0
0
0
0
0
0
0
0
0
0
0
0
0
0
0
0
0
0
0
0
0
0
0
0
0
0
0
0
0
0
0
0
0
0
0
0
0
0
0
0
0
0
0
0
0
0
0
0
0
0
0
0
0
0
0
0
0
0
0
0
0
0
0
0
0
0
0
0
0
0
0
0
0
0
0
0
0
0
0
0
0
0
0
0
0
0
0
0
0
0
0
0
0
0
0
0
0
0
0
0
0
0
0
0
0
0
0
0
0
0
0
0
0
0
0
0
0
0
0
0
0
0
0
0
0
0
0
0
0
0
0
0
0
0
0
0
0
0
0
0
0
0
0
0
0
0
0
0
0
0
0
0
0
0
0
0
0
0
0
0
0
0
0
0
0
0
0
0
0
0
0
0
0
0
0
0
0
0
0
0
0
0
0
0
0
0
0
0
0
0
0
0
0
0
0
0
0
0
0
0
0
0
0
0
0
0
0
0
0
0
0
0
0
0
0
0
0
0
0
0
0
0
0
0
0
0
0
0
0
0
0
0
0
0
0
0
0
0
0
0
0
0
0
0
0
0
0
0
0
0
0
0
0
0
0
0
0
0
0
0
0
0
0
0
0
0
0
0
0
0
0
0
0
0
0
0
0
0
0
0
0
0
0
0
0
0
0
0
0
0
0
0
0
0
0
0
0
0
0
0
0
0
0
0
0
0
0
0
0
0
0
0
0
0
0
0
0
0
0
0
0
0
0
0
0
0
0
0
0
0
0
0
0
0
0
0
0
0
0
0
0
0
0
0
0
0
0
0
0
0
0
0
0
0
0
0
0
0
0
0
0
0
0
0
0
0
0
0
0
0
0
0
0
0
0
0
0
0
0
0
0
0
0
0
0
0
0
0
0
0
0
0
0
0
0
0
0
0
0
0
0
0
0
0
0
0
0
0
0
0
0
0
0
0
0
0
0
0
0
0
0
0
0
0
0
0
0
0
0
0
0
0
0
0
0
0
0
0
0
84526
78948
74628
71100
68120
65540
63266
61232
59392
57714
56172
54744
53414
52172
51004
49904
48860
47874
46936
46042
45188
44370
43588
42834
42110
41414
40740
40090
39462
38854
38266
37694
37140
36602
36078
35570
35074
34590
34120
33660
33212
32774
32346
31928
31520
31120
30728
30346
29970
29602
29242
28888
28540
28200
27866
27538
27214
26898
26586
26280
25980
25684
25392
25106
24824
24546
24274
24004
23740
23478
23220
22968
22718
22470
22228
21988
21752
21518
21288
21062
20838
20616
20398
20184
19970
19760
19552
19348
19146
18946
18748
18552
18360
18168
17980
17794
17610
17428
17248
17070
16894
16718
16546
16372
16204
16036
15872
15708
15546
15386
15228
15072
14916
14762
14610
14460
14312
14164
14018
13874
13730
13588
13448
13308
13172
13034
12900
12766
12634
12502
12372
12242
12114
11988
11862
11738
11616
11494
11372
11252
11134
11016
10900
10784
10670
10556
10442
10332
10220
10110
10002
9894
9788
9682
9576
9472
9370
9266
9166
9064
8966
8866
8768
8670
8574
8478
8384
8290
8196
8104
8012
7922
7832
7742
7654
7566
7478
7392
7306
7222
7138
7054
6970
6888
6806
6726
6646
6566
6488
6410
6332
6254
6178
6102
6028
5954
5880
5806
5734
5662
5590
5520
5450
5380
5310
5242
5174
5108
5040
4974
4908
4844
4780
4716
4652
4590
4526
4464
4404
4342
4282
4224
4164
4106
4048
3990
3932
3876
3820
3764
3708
3654
3600
3546
3494
3440
3388
3336
3284
3234
3184
3134
3084
3036
2986
2938
2892
2844
2798
2752
2706
2660
2614
2570
2526
2482
2440
2396
2354
2312
2270
2230
2190
2148
2108
2070
2030
1992
1954
1916
1878
1842
1806
1768
1734
1698
1662
1628
1594
1560
1526
1494
1462
1428
1398
1366
1334
1304
1274
1244
1214
1184
1156
1128
1100
1072
1044
1018
992
966
940
914
888
864
840
816
792
768
746
724
702
680
658
636
616
596
576
556
536
518
498
480
462
444
428
410
394
378
362
346
332
316
302
288
274
260
248
236
222
210
198
188
176
166
156
146
136
126
118
108
100
92
84
78
70
64
56
50
46
40
34
30
26
22
18
14
12
10
6
4
4
2
0
0
0
