-30902
-30902
-30902
-30900
-30898
-30896
-30894
-30890
-30886
-30882
-30878
-30872
-30868
-30860
-30854
-30848
-30840
-30832
-30822
-30814
-30804
-30794
-30782
-30772
-30760
-30748
-30736
-30722
-30708
-30694
-30680
-30664
-30650
-30632
-30616
-30600
-30582
-30564
-30544
-30526
-30506
-30486
-30466
-30444
-30422
-30400
-30378
-30354
-30330
-30306
-30282
-30256
-30232
-30204
-30178
-30152
-30124
-30096
-30066
-30038
-30008
-29978
-29946
-29914
-29884
-29850
-29818
-29784
-29750
-29716
-29682
-29646
-29610
-29574
-29536
-29498
-29460
-29422
-29384
-29344
-29304
-29262
-29222
-29180
-29138
-29094
-29052
-29008
-28964
-28918
-28874
-28828
-28780
-28734
-28686
-28638
-28590
-28540
-28490
-28440
-28388
-28338
-28286
-28234
-28180
-28126
-28072
-28018
-27962
-27906
-27850
-27794
-27736
-27678
-27620
-27560
-27500
-27440
-27380
-27318
-27256
-27194
-27130
-27066
-27002
-26938
-26872
-26806
-26740
-26672
-26604
-26536
-26468
-26398
-26328
-26256
-26186
-26114
-26042
-25968
-25894
-25820
-25746
-25670
-25594
-25516
-25440
-25362
-25284
-25204
-25124
-25044
-24962
-24880
-24798
-24716
-24632
-24548
-24464
-24378
-24292
-24206
-24118
-24030
-23942
-23852
-23762
-23672
-23580
-23488
-23396
-23302
-23208
-23114
-23018
-22922
-22826
-22728
-22630
-22532
-22432
-22332
-22232
-22130
-22028
-21926
-21822
-21718
-21612
-21508
-21400
-21294
-21186
-21078
-20968
-20858
-20748
-20636
-20524
-20410
-20298
-20182
-20068
-19952
-19834
-19718
-19600
-19480
-19360
-19240
-19118
-18996
-18874
-18750
-18626
-18500
-18374
-18246
-18120
-17990
-17862
-17732
-17600
-17468
-17336
-17202
-17068
-16932
-16796
-16660
-16522
-16382
-16244
-16102
-15962
-15820
-15676
-15532
-15388
-15242
-15094
-14948
-14798
-14650
-14498
-14348
-14196
-14042
-13888
-13732
-13576
-13420
-13260
-13102
-12942
-12780
-12618
-12456
-12292
-12126
-11960
-11792
-11624
-11454
-11284
-11114
-10940
-10766
-10592
-10416
-10240
-10062
-9882
-9702
-9520
-9338
-9154
-8970
-8784
-8596
-8408
-8218
-8028
-7836
-7642
-7448
-7252
-7054
-6856
-6658
-6456
-6254
-6050
-5846
-5640
-5432
-5224
-5014
-4802
-4590
-4376
-4160
-3944
-3724
-3506
-3284
-3062
-2836
-2612
-2384
-2156
-1926
-1694
-1460
-1224
-988
-750
-510
-270
-26
218
464
712
962
1214
1466
1722
1978
2238
2498
2760
3024
3290
3558
3828
4098
4372
4648
4926
5206
5486
5770
6056
6344
6634
6926
7220
7516
7816
8116
8420
8726
9034
9344
9656
9972
10290
10610
10932
11258
11586
11916
12248
12584
12922
13264
13608
13954
14304
14658
15012
15372
15732
16098
16466
16836
17210
17588
17968
18354
18740
19132
19526
19924
20326
20732
21140
21554
21970
22392
22816
23246
23678
24116
24558
25002
25454
25908
26368
26832
27300
27774
28252
28736
29226
29720
30218
30724
31234
31750
32272
-32732
-32200
-31660
-31114
-30560
-30002
-29436
-28862
-28284
-27696
-27102
-26500
-25892
-25274
-24648
-24016
-23374
-22722
-22062
-21394
-20716
-20028
-19330
-18622
-17904
-17176
-16434
-15684
-14920
-14144
-13356
-12556
-11742
-10914
-10072
-9216
-8344
-7456
-6552
-5632
-4694
-3738
-2764
-1770
-754
282
1338
2420
3524
4654
5808
6992
8202
9444
10716
12022
13364
14742
16158
17614
19116
20662
22258
23906
25608
27372
29198
31092
-32472
-30424
-28290
-26062
-23732
-21290
-18724
-16022
-13168
-10144
-6930
-3498
182
4150
8452
13152
18330
24096
30598
-27480
0
0
0
0
0
0
0
0
0
0
0
0
0
0
0
0
0
0
0
0
0
0
0
0
0
0
0
0
0
0
0
0
0
0
0
0
0
0
0
0
0
0
0
0
0
0
0
0
0
0
0
0
0
0
0
0
0
0
0
0
0
0
0
0
0
0
0
0
0
0
0
0
0
0
0
0
0
0
0
0
0
0
0
0
0
0
0
0
0
0
0
0
0
0
0
0
0
0
0
0
0
0
0
0
0
0
0
0
0
0
0
0
0
0
0
0
0
0
0
0
0
0
0
0
0
0
0
0
0
0
0
0
0
0
0
0
0
0
0
0
0
0
0
0
0
0
0
0
0
0
0
0
0
0
0
0
0
0
0
0
0
0
0
0
0
0
0
0
0
0
0
0
0
0
0
0
0
0
0
0
0
0
0
0
0
0
0
0
0
0
0
0
0
0
0
0
0
0
0
0
0
0
0
0
0
0
0
0
0
0
0
0
0
0
0
0
0
0
0
0
0
0
0
0
0
0
0
0
0
0
0
0
0
0
0
0
0
0
0
0
0
0
0
0
0
0
0
0
0
0
0
0
0
0
0
0
0
0
0
0
0
0
0
0
0
0
0
0
0
0
0
0
0
0
0
0
0
0
0
0
0
0
0
0
0
0
0
0
0
0
0
0
0
0
0
0
0
0
0
0
0
0
0
0
0
0
0
0
0
0
0
0
0
0
0
0
0
0
0
0
0
0
0
0
0
0
0
0
0
0
0
0
0
0
0
0
0
0
0
0
0
0
0
0
0
0
0
0
0
0
0
0
0
0
0
0
0
0
0
0
0
0
0
0
0
0
0
0
0
0
0
0
0
0
0
0
0
0
0
0
0
0
0
0
0
0
0
0
0
0
0
0
0
0
0
0
0
0
0
0
0
0
0
0
0
0
0
0
0
0
0
0
0
0
0
0
0
0
0
0
0
0
0
0
0
0
0
0
0
0
0
0
0
0
0
0
0
0
0
0
0
0
0
0
0
0
0
0
0
0
0
0
0
0
0
0
0
0
0
0
0
0
0
0
0
0
0
0
0
0
0
0
0
0
0
0
0
0
0
0
0
0
0
0
0
0
0
0
0
0
0
0
0
0
0
0
0
0
0
0
0
0
0
0
0
0
0
0
0
0
0
0
0
0
0
0
0
0
0
0
0
0
0
0
0
0
0
0
0
0
0
0
0
0
0
0
0
0
0
0
0
0
0
0
0
0
0
0
0
0
0
0
0
0
0
0
0
0
0
0
0
0
0
0
0
0
0
0
0
0
0
0
0
0
0
0
0
0
0
0
0
0
0
0
0
0
0
0
0
0
0
0
0
0
0
0
0
0
0
0
0
0
0
0
0
0
0
0
0
0
0
0
0
0
0
0
0
0
0
0
0
0
0
0
0
0
0
0
0
0
0
0
0
0
0
0
0
0
0
0
0
0
0
0
0
0
0
0
0
0
0
0
0
0
0
0
0
0
0
0
0
0
0
0
0
0
0
0
0
0
0
0
0
0
0
0
0
0
0
0
0
0
0
0
0
0
0
0
0
0
0
0
0
0
0
0
0
0
0
0
0
0
0
0
0
0
0
0
0
0
0
0
0
0
0
0
0
0
0
0
0
0
0
0
0
0
0
0
0
0
0
0
0
0
0
0
0
0
0
0
0
0
0
0
0
0
0
0
0
0
0
0
-11098
-18552
-25052
-30818
29536
24836
20532
16566
12886
9454
6238
3214
360
-2342
-4908
-7350
-9680
-11908
-14042
-16088
-18058
-19952
-21778
-23540
-25244
-26892
-28486
-30034
-31534
32540
31124
29746
28406
27100
25828
24586
23374
22192
21036
19906
18802
17722
16664
15628
14614
13620
12644
11688
10752
9830
8926
8040
7168
6312
5470
4642
3828
3026
2238
1464
700
-52
-792
-1522
-2240
-2948
-3646
-4334
-5012
-5680
-6340
-6990
-7632
-8266
-8892
-9508
-10118
-10720
-11314
-11900
-12480
-13052
-13618
-14178
-14730
-15276
-15816
-16350
-16878
-17400
-17916
-18426
-18930
-19430
-19924
-20412
-20896
-21374
-21848
-22318
-22782
-23240
-23696
-24146
-24592
-25034
-25470
-25904
-26332
-26758
-27178
-27596
-28008
-28418
-28822
-29224
-29622
-30018
-30408
-30796
-31180
-31560
-31938
-32312
-32684
32480
32116
31754
31396
31040
30688
30338
29992
29648
29306
28968
28632
28298
27968
27640
27316
26992
26672
26354
26040
25726
25416
25108
24804
24500
24198
23900
23604
23310
23016
22726
22440
22154
21870
21588
21308
21030
20756
20482
20210
19940
19672
19406
19142
18880
18620
18362
18104
17850
17596
17346
17096
16848
16602
16356
16114
15872
15632
15394
15158
14924
14690
14458
14228
14000
13772
13546
13322
13100
12878
12658
12440
12222
12008
11792
11580
11368
11158
10950
10742
10536
10332
10128
9926
9726
9526
9328
9132
8936
8740
8548
8356
8164
7976
7786
7600
7414
7228
7046
6862
6682
6500
6322
6144
5966
5790
5616
5442
5270
5098
4928
4758
4590
4424
4256
4092
3928
3764
3602
3442
3282
3122
2964
2806
2650
2496
2342
2188
2036
1884
1734
1584
1436
1288
1142
996
850
706
564
422
280
140
0
-138
-276
-414
-550
-684
-818
-952
-1086
-1218
-1348
-1478
-1608
-1736
-1864
-1990
-2116
-2242
-2366
-2490
-2614
-2736
-2856
-2978
-3098
-3216
-3334
-3452
-3568
-3684
-3800
-3914
-4028
-4140
-4252
-4364
-4476
-4586
-4694
-4802
-4910
-5018
-5124
-5230
-5334
-5438
-5542
-5646
-5748
-5848
-5950
-6050
-6148
-6248
-6346
-6442
-6540
-6636
-6730
-6826
-6920
-7012
-7104
-7196
-7288
-7378
-7468
-7558
-7646
-7734
-7822
-7908
-7994
-8080
-8166
-8250
-8332
-8416
-8498
-8580
-8660
-8742
-8820
-8900
-8978
-9056
-9134
-9210
-9286
-9362
-9438
-9512
-9586
-9658
-9730
-9802
-9874
-9944
-10014
-10084
-10154
-10222
-10290
-10356
-10422
-10488
-10554
-10620
-10684
-10748
-10810
-10872
-10934
-10996
-11058
-11118
-11178
-11236
-11294
-11352
-11410
-11468
-11524
-11580
-11634
-11690
-11744
-11798
-11850
-11902
-11954
-12006
-12056
-12108
-12156
-12206
-12254
-12302
-12350
-12398
-12444
-12490
-12536
-12580
-12624
-12668
-12712
-12754
-12796
-12838
-12880
-12920
-12960
-13000
-13040
-13078
-13116
-13154
-13190
-13226
-13262
-13298
-13334
-13368
-13402
-13434
-13468
-13500
-13532
-13564
-13594
-13624
-13654
-13684
-13712
-13740
-13768
-13796
-13822
-13848
-13874
-13900
-13924
-13948
-13972
-13994
-14018
-14040
-14062
-14082
-14102
-14124
-14142
-14162
-14180
-14198
-14216
-14234
-14250
-14266
-14282
-14296
-14312
-14326
-14340
-14352
-14366
-14378
-14388
-14400
-14410
-14420
-14430
-14440
-14448
-14456
-14464
-14472
-14478
-14484
-14490
-14494
-14500
-14504
-14508
-14510
-14514
-14516
-14518
-14518
-14520
-14520
-14520
-14520
-14518
-14518
-14516
-14514
-14510
-14508
-14504
-14500
-14494
-14490
-14484
-14478
-14472
-14464
-14456
-14448
-14440
-14430
-14420
-14410
-14400
-14388
-14378
-14366
-14352
-14340
-14326
-14312
-14296
-14282
-14266
-14250
-14234
-14216
-14198
-14180
-14162
-14142
-14124
-14102
-14082
-14062
-14040
-14018
-13994
-13972
-13948
-13924
-13900
-13874
-13848
-13822
-13796
-13768
-13740
-13712
-13684
-13654
-13624
-13594
-13564
-13532
-13500
-13468
-13434
-13402
-13368
-13334
-13298
-13262
-13226
-13190
-13154
-13116
-13078
-13040
-13000
-12960
-12920
-12880
-12838
-12796
-12754
-12712
-12668
-12624
-12580
-12536
-12490
-12444
-12398
-12350
-12302
-12254
-12206
-12156
-12108
-12056
-12006
-11954
-11902
-11850
-11798
-11744
-11690
-11634
-11580
-11524
-11468
-11410
-11352
-11294
-11236
-11178
-11118
-11058
-10996
-10934
-10872
-10810
-10748
-10684
-10620
-10554
-10488
-10422
-10356
-10290
-10222
-10154
-10084
-10014
-9944
-9874
-9802
-9730
-9658
-9586
-9512
-9438
-9362
-9286
-9210
-9134
-9056
-8978
-8900
-8820
-8742
-8660
-8580
-8498
-8416
-8332
-8250
-8166
-8080
-7994
-7908
-7822
-7734
-7646
-7558
-7468
-7378
-7288
-7196
-7104
-7012
-6920
-6826
-6730
-6636
-6540
-6442
-6346
-6248
-6148
-6050
-5950
-5848
-5748
-5646
-5542
-5438
-5334
-5230
-5124
-5018
-4910
-4802
-4694
-4586
-4476
-4364
-4252
-4140
-4028
-3914
-3800
-3684
-3568
-3452
-3334
-3216
-3098
-2978
-2856
-2736
-2614
-2490
-2366
-2242
-2116
-1990
-1864
-1736
-1608
-1478
-1348
-1218
-1086
-952
-818
-684
-550
-414
-276
-138
0
140
280
422
564
706
850
996
1142
1288
1436
1584
1734
1884
2036
2188
2342
2496
2650
2806
2964
3122
3282
3442
3602
3764
3928
4092
4256
4424
4590
4758
4928
5098
5270
5442
5616
5790
5966
6144
6322
6500
6682
6862
7046
7228
7414
7600
7786
7976
8164
8356
8548
8740
8936
9132
9328
9526
9726
9926
10128
10332
10536
10742
10950
11158
11368
11580
11792
12008
12222
12440
12658
12878
13100
13322
13546
13772
14000
14228
14458
14690
14924
15158
15394
15632
15872
16114
16356
16602
16848
17096
17346
17596
17850
18104
18362
18620
18880
19142
19406
19672
19940
20210
20482
20756
21030
21308
21588
21870
22154
22440
22726
23016
23310
23604
23900
24198
24500
24804
25108
25416
25726
26040
26354
26672
26992
27316
27640
27968
28298
28632
28968
29306
29648
29992
30338
30688
31040
31396
31754
32116
32480
-32684
-32312
-31938
-31560
-31180
-30796
-30408
-30018
-29622
-29224
-28822
-28418
-28008
-27596
-27178
-26758
-26332
-25904
-25470
-25034
-24592
-24146
-23696
-23240
-22782
-22318
-21848
-21374
-20896
-20412
-19924
-19430
-18930
-18426
-17916
-17400
-16878
-16350
-15816
-15276
-14730
-14178
-13618
-13052
-12480
-11900
-11314
-10720
-10118
-9508
-8892
-8266
-7632
-6990
-6340
-5680
-5012
-4334
-3646
-2948
-2240
-1522
-792
-52
700
1464
2238
3026
3828
4642
5470
6312
7168
8040
8926
9830
10752
11688
12644
13620
14614
15628
16664
17722
18802
19906
21036
22192
23374
24586
25828
27100
28406
29746
31124
32540
-31534
-30034
-28486
-26892
-25244
-23540
-21778
-19952
-18058
-16088
-14042
-11908
-9680
-7350
-4908
-2342
360
3214
6238
9454
12886
16566
20532
24836
29536
-30818
-25052
-18552
-11098
0
0
0
0
0
0
0
0
0
0
0
0
0
0
0
0
0
0
0
0
0
0
0
0
0
0
0
0
0
0
0
0
0
0
0
0
0
0
0
0
0
0
0
0
0
0
0
0
0
0
0
0
0
0
0
0
0
0
0
0
0
0
0
0
0
0
0
0
0
0
0
0
0
0
0
0
0
0
0
0
0
0
0
0
0
0
0
0
0
0
0
0
0
0
0
0
0
0
0
0
0
0
0
0
0
0
0
0
0
0
0
0
0
0
0
0
0
0
0
0
0
0
0
0
0
0
0
0
0
0
0
0
0
0
0
0
0
0
0
0
0
0
0
0
0
0
0
0
0
0
0
0
0
0
0
0
0
0
0
0
0
0
0
0
0
0
0
0
0
0
0
0
0
0
0
0
0
0
0
0
0
0
0
0
0
0
0
0
0
0
0
0
0
0
0
0
0
0
0
0
0
0
0
0
0
0
0
0
0
0
0
0
0
0
0
0
0
0
0
0
0
0
0
0
0
0
0
0
0
0
0
0
0
0
0
0
0
0
0
0
0
0
0
0
0
0
0
0
0
0
0
0
0
0
0
0
0
0
0
0
0
0
0
0
0
0
0
0
0
0
0
0
0
0
0
0
0
0
0
0
0
0
0
0
0
0
0
0
0
0
0
0
0
0
0
0
0
0
0
0
0
0
0
0
0
0
0
0
0
0
0
0
0
0
0
0
0
0
0
0
0
0
0
0
0
0
0
0
0
0
0
0
0
0
0
0
0
0
0
0
0
0
0
0
0
0
0
0
0
0
0
0
0
0
0
0
0
0
0
0
0
0
0
0
0
0
0
0
0
0
0
0
0
0
0
0
0
0
0
0
0
0
0
0
0
0
0
0
0
0
0
0
0
0
0
0
0
0
0
0
0
0
0
0
0
0
0
0
0
0
0
0
0
0
0
0
0
0
0
0
0
0
0
0
0
0
0
0
0
0
0
0
0
0
0
0
0
0
0
0
0
0
0
0
0
0
0
0
0
0
0
0
0
0
0
0
0
0
0
0
0
0
0
0
0
0
0
0
0
0
0
0
0
0
0
0
0
0
0
0
0
0
0
0
0
0
0
0
0
0
0
0
0
0
0
0
0
0
0
0
0
0
0
0
0
0
0
0
0
0
0
0
0
0
0
0
0
0
0
0
0
0
0
0
0
0
0
0
0
0
0
0
0
0
0
0
0
0
0
0
0
0
0
0
0
0
0
0
0
0
0
0
0
0
0
0
0
0
0
0
0
0
0
0
0
0
0
0
0
0
0
0
0
0
0
0
0
0
0
0
0
0
0
0
0
0
0
0
0
0
0
0
0
0
0
0
0
0
0
0
0
0
0
0
0
0
0
0
0
0
0
0
0
0
0
0
0
0
0
0
0
0
0
0
0
0
0
0
0
0
0
0
0
0
0
0
0
0
0
0
0
0
0
0
0
0
0
0
0
0
0
0
0
0
0
0
0
0
0
0
0
0
0
0
0
0
0
0
0
0
0
0
0
0
0
0
0
0
0
0
0
0
0
0
0
0
0
0
0
0
0
0
0
0
0
0
0
0
0
0
0
0
0
0
0
0
0
0
0
0
0
0
0
0
0
0
0
0
0
0
0
0
0
0
0
0
0
0
0
0
0
0
0
0
0
0
0
0
0
0
0
0
0
0
0
0
0
0
0
0
0
0
21668
14214
7714
1948
-3230
-7930
-12234
-16200
-19880
-23312
-26528
-29552
-32406
30424
27858
25416
23086
20858
18724
16678
14708
12814
10988
9226
7522
5874
4280
2732
1232
-226
-1642
-3020
-4360
-5666
-6938
-8180
-9392
-10574
-11730
-12860
-13964
-15044
-16102
-17138
-18152
-19146
-20122
-21078
-22014
-22936
-23840
-24726
-25598
-26454
-27296
-28124
-28938
-29740
-30528
-31302
-32066
32714
31974
31244
30526
29818
29120
28432
27754
27086
26426
25776
25134
24500
23874
23258
22648
22046
21452
20866
20286
19714
19148
18588
18036
17490
16950
16416
15888
15366
14850
14340
13836
13336
12842
12354
11870
11392
10918
10448
9984
9526
9070
8620
8174
7732
7296
6862
6434
6008
5588
5170
4758
4348
3944
3542
3144
2748
2358
1970
1586
1206
828
454
82
-286
-650
-1012
-1370
-1726
-2078
-2428
-2774
-3118
-3460
-3798
-4134
-4468
-4798
-5126
-5450
-5774
-6094
-6412
-6726
-7040
-7350
-7658
-7962
-8266
-8568
-8866
-9162
-9456
-9750
-10040
-10326
-10612
-10896
-11178
-11458
-11736
-12010
-12284
-12556
-12826
-13094
-13360
-13624
-13886
-14146
-14404
-14662
-14916
-15170
-15420
-15670
-15918
-16164
-16410
-16652
-16894
-17134
-17372
-17608
-17842
-18076
-18308
-18538
-18766
-18994
-19220
-19444
-19666
-19888
-20108
-20326
-20544
-20758
-20974
-21186
-21398
-21608
-21816
-22024
-22230
-22434
-22638
-22840
-23040
-23240
-23438
-23634
-23830
-24026
-24218
-24410
-24602
-24790
-24980
-25166
-25352
-25538
-25720
-25904
-26084
-26266
-26444
-26622
-26800
-26976
-27150
-27324
-27496
-27668
-27838
-28008
-28176
-28342
-28510
-28674
-28838
-29002
-29164
-29324
-29484
-29644
-29802
-29960
-30116
-30270
-30424
-30578
-30730
-30882
-31032
-31182
-31330
-31478
-31624
-31770
-31916
-32060
-32202
-32344
-32486
-32626
-32766
32628
32490
32352
32216
32082
31948
31814
31680
31548
31418
31288
31158
31030
30902
30776
30650
30524
30400
30276
30152
30030
29910
29788
29668
29550
29432
29314
29198
29082
28966
28852
28738
28626
28514
28402
28290
28180
28072
27964
27856
27748
27642
27536
27432
27328
27224
27120
27018
26918
26816
26716
26618
26518
26420
26324
26226
26130
26036
25940
25846
25754
25662
25570
25478
25388
25298
25208
25120
25032
24944
24858
24772
24686
24600
24516
24434
24350
24268
24186
24106
24024
23946
23866
23788
23710
23632
23556
23480
23404
23328
23254
23180
23108
23036
22964
22892
22822
22752
22682
22612
22544
22476
22410
22344
22278
22212
22146
22082
22018
21956
21894
21832
21770
21708
21648
21588
21530
21472
21414
21356
21298
21242
21186
21132
21076
21022
20968
20916
20864
20812
20760
20710
20658
20610
20560
20512
20464
20416
20368
20322
20276
20230
20186
20142
20098
20054
20012
19970
19928
19886
19846
19806
19766
19726
19688
19650
19612
19576
19540
19504
19468
19432
19398
19364
19332
19298
19266
19234
19202
19172
19142
19112
19082
19054
19026
18998
18970
18944
18918
18892
18866
18842
18818
18794
18772
18748
18726
18704
18684
18664
18642
18624
18604
18586
18568
18550
18532
18516
18500
18484
18470
18454
18440
18426
18414
18400
18388
18378
18366
18356
18346
18336
18326
18318
18310
18302
18294
18288
18282
18276
18272
18266
18262
18258
18256
18252
18250
18248
18248
18246
18246
18246
18246
18248
18248
18250
18252
18256
18258
18262
18266
18272
18276
18282
18288
18294
18302
18310
18318
18326
18336
18346
18356
18366
18378
18388
18400
18414
18426
18440
18454
18470
18484
18500
18516
18532
18550
18568
18586
18604
18624
18642
18664
18684
18704
18726
18748
18772
18794
18818
18842
18866
18892
18918
18944
18970
18998
19026
19054
19082
19112
19142
19172
19202
19234
19266
19298
19332
19364
19398
19432
19468
19504
19540
19576
19612
19650
19688
19726
19766
19806
19846
19886
19928
19970
20012
20054
20098
20142
20186
20230
20276
20322
20368
20416
20464
20512
20560
20610
20658
20710
20760
20812
20864
20916
20968
21022
21076
21132
21186
21242
21298
21356
21414
21472
21530
21588
21648
21708
21770
21832
21894
21956
22018
22082
22146
22212
22278
22344
22410
22476
22544
22612
22682
22752
22822
22892
22964
23036
23108
23180
23254
23328
23404
23480
23556
23632
23710
23788
23866
23946
24024
24106
24186
24268
24350
24434
24516
24600
24686
24772
24858
24944
25032
25120
25208
25298
25388
25478
25570
25662
25754
25846
25940
26036
26130
26226
26324
26420
26518
26618
26716
26816
26918
27018
27120
27224
27328
27432
27536
27642
27748
27856
27964
28072
28180
28290
28402
28514
28626
28738
28852
28966
29082
29198
29314
29432
29550
29668
29788
29910
30030
30152
30276
30400
30524
30650
30776
30902
31030
31158
31288
31418
31548
31680
31814
31948
32082
32216
32352
32490
32628
-32766
-32626
-32486
-32344
-32202
-32060
-31916
-31770
-31624
-31478
-31330
-31182
-31032
-30882
-30730
-30578
-30424
-30270
-30116
-29960
-29802
-29644
-29484
-29324
-29164
-29002
-28838
-28674
-28510
-28342
-28176
-28008
-27838
-27668
-27496
-27324
-27150
-26976
-26800
-26622
-26444
-26266
-26084
-25904
-25720
-25538
-25352
-25166
-24980
-24790
-24602
-24410
-24218
-24026
-23830
-23634
-23438
-23240
-23040
-22840
-22638
-22434
-22230
-22024
-21816
-21608
-21398
-21186
-20974
-20758
-20544
-20326
-20108
-19888
-19666
-19444
-19220
-18994
-18766
-18538
-18308
-18076
-17842
-17608
-17372
-17134
-16894
-16652
-16410
-16164
-15918
-15670
-15420
-15170
-14916
-14662
-14404
-14146
-13886
-13624
-13360
-13094
-12826
-12556
-12284
-12010
-11736
-11458
-11178
-10896
-10612
-10326
-10040
-9750
-9456
-9162
-8866
-8568
-8266
-7962
-7658
-7350
-7040
-6726
-6412
-6094
-5774
-5450
-5126
-4798
-4468
-4134
-3798
-3460
-3118
-2774
-2428
-2078
-1726
-1370
-1012
-650
-286
82
454
828
1206
1586
1970
2358
2748
3144
3542
3944
4348
4758
5170
5588
6008
6434
6862
7296
7732
8174
8620
9070
9526
9984
10448
10918
11392
11870
12354
12842
13336
13836
14340
14850
15366
15888
16416
16950
17490
18036
18588
19148
19714
20286
20866
21452
22046
22648
23258
23874
24500
25134
25776
26426
27086
27754
28432
29120
29818
30526
31244
31974
32714
-32066
-31302
-30528
-29740
-28938
-28124
-27296
-26454
-25598
-24726
-23840
-22936
-22014
-21078
-20122
-19146
-18152
-17138
-16102
-15044
-13964
-12860
-11730
-10574
-9392
-8180
-6938
-5666
-4360
-3020
-1642
-226
1232
2732
4280
5874
7522
9226
10988
12814
14708
16678
18724
20858
23086
25416
27858
30424
-32406
-29552
-26528
-23312
-19880
-16200
-12234
-7930
-3230
1948
7714
14214
21668
0
0
0
0
0
0
0
0
0
0
0
0
0
0
0
0
0
0
0
0
0
0
0
0
0
0
0
0
0
0
0
0
0
0
0
0
0
0
0
0
0
0
0
0
0
0
0
0
0
0
0
0
0
0
0
0
0
0
0
0
0
0
0
0
0
0
0
0
0
0
0
0
0
0
0
0
0
0
0
0
0
0
0
0
0
0
0
0
0
0
0
0
0
0
0
0
0
0
0
0
0
0
0
0
0
0
0
0
0
0
0
0
0
0
0
0
0
0
0
0
0
0
0
0
0
0
0
0
0
0
0
0
0
0
0
0
0
0
0
0
0
0
0
0
0
0
0
0
0
0
0
0
0
0
0
0
0
0
0
0
0
0
0
0
0
0
0
0
0
0
0
0
0
0
0
0
0
0
0
0
0
0
0
0
0
0
0
0
0
0
0
0
0
0
0
0
0
0
0
0
0
0
0
0
0
0
0
0
0
0
0
0
0
0
0
0
0
0
0
0
0
0
0
0
0
0
0
0
0
0
0
0
0
0
0
0
0
0
0
0
0
0
0
0
0
0
0
0
0
0
0
0
0
0
0
0
0
0
0
0
0
0
0
0
0
0
0
0
0
0
0
0
0
0
0
0
0
0
0
0
0
0
0
0
0
0
0
0
0
0
0
0
0
0
0
0
0
0
0
0
0
0
0
0
0
0
0
0
0
0
0
0
0
0
0
0
0
0
0
0
0
0
0
0
0
0
0
0
0
0
0
0
0
0
0
0
0
0
0
0
0
0
0
0
0
0
0
0
0
0
0
0
0
0
0
0
0
0
0
0
0
0
0
0
0
0
0
0
0
0
0
0
0
0
0
0
0
0
0
0
0
0
0
0
0
0
0
0
0
0
0
0
0
0
0
0
0
0
0
0
0
0
0
0
0
0
0
0
0
0
0
0
0
0
0
0
0
0
0
0
0
0
0
0
0
0
0
0
0
0
0
0
0
0
0
0
0
0
0
0
0
0
0
0
0
0
0
0
0
0
0
0
0
0
0
0
0
0
0
0
0
0
0
0
0
0
0
0
0
0
0
0
0
0
0
0
0
0
0
0
0
0
0
0
0
0
0
0
0
0
0
0
0
0
0
0
0
0
0
0
0
0
0
0
0
0
0
0
0
0
0
0
0
0
0
0
0
0
0
0
0
0
0
0
0
0
0
0
0
0
0
0
0
0
0
0
0
0
0
0
0
0
0
0
0
0
0
0
0
0
0
0
0
0
0
0
0
0
0
0
0
0
0
0
0
0
0
0
0
0
0
0
0
0
0
0
0
0
0
0
0
0
0
0
0
0
0
0
0
0
0
0
0
0
0
0
0
0
0
0
0
0
0
0
0
0
0
0
0
0
0
0
0
0
0
0
0
0
0
0
0
0
0
0
0
0
0
0
0
0
0
0
0
0
0
0
0
0
0
0
0
0
0
0
0
0
0
0
0
0
0
0
0
0
0
0
0
0
0
0
0
0
0
0
0
0
0
0
0
0
0
0
0
0
0
0
0
0
0
0
0
0
0
0
0
0
0
0
0
0
0
0
0
0
0
0
0
0
0
0
0
0
0
0
0
0
0
0
0
0
0
0
0
0
0
0
0
0
0
0
0
0
0
0
0
0
0
0
0
0
0
0
0
0
0
0
0
0
0
0
0
0
0
0
0
0
0
0
0
0
0
0
-11098
-18552
-25052
-30818
29536
24836
20532
16566
12886
9454
6238
3214
360
-2342
-4908
-7350
-9680
-11908
-14042
-16088
-18058
-19952
-21778
-23540
-25244
-26892
-28486
-30034
-31534
32540
31124
29746
28406
27100
25828
24586
23374
22192
21036
19906
18802
17722
16664
15628
14614
13620
12644
11688
10752
9830
8926
8040
7168
6312
5470
4642
3828
3026
2238
1464
700
-52
-792
-1522
-2240
-2948
-3646
-4334
-5012
-5680
-6340
-6990
-7632
-8266
-8892
-9508
-10118
-10720
-11314
-11900
-12480
-13052
-13618
-14178
-14730
-15276
-15816
-16350
-16878
-17400
-17916
-18426
-18930
-19430
-19924
-20412
-20896
-21374
-21848
-22318
-22782
-23240
-23696
-24146
-24592
-25034
-25470
-25904
-26332
-26758
-27178
-27596
-28008
-28418
-28822
-29224
-29622
-30018
-30408
-30796
-31180
-31560
-31938
-32312
-32684
32480
32116
31754
31396
31040
30688
30338
29992
29648
29306
28968
28632
28298
27968
27640
27316
26992
26672
26354
26040
25726
25416
25108
24804
24500
24198
23900
23604
23310
23016
22726
22440
22154
21870
21588
21308
21030
20756
20482
20210
19940
19672
19406
19142
18880
18620
18362
18104
17850
17596
17346
17096
16848
16602
16356
16114
15872
15632
15394
15158
14924
14690
14458
14228
14000
13772
13546
13322
13100
12878
12658
12440
12222
12008
11792
11580
11368
11158
10950
10742
10536
10332
10128
9926
9726
9526
9328
9132
8936
8740
8548
8356
8164
7976
7786
7600
7414
7228
7046
6862
6682
6500
6322
6144
5966
5790
5616
5442
5270
5098
4928
4758
4590
4424
4256
4092
3928
3764
3602
3442
3282
3122
2964
2806
2650
2496
2342
2188
2036
1884
1734
1584
1436
1288
1142
996
850
706
564
422
280
140
0
-138
-276
-414
-550
-684
-818
-952
-1086
-1218
-1348
-1478
-1608
-1736
-1864
-1990
-2116
-2242
-2366
-2490
-2614
-2736
-2856
-2978
-3098
-3216
-3334
-3452
-3568
-3684
-3800
-3914
-4028
-4140
-4252
-4364
-4476
-4586
-4694
-4802
-4910
-5018
-5124
-5230
-5334
-5438
-5542
-5646
-5748
-5848
-5950
-6050
-6148
-6248
-6346
-6442
-6540
-6636
-6730
-6826
-6920
-7012
-7104
-7196
-7288
-7378
-7468
-7558
-7646
-7734
-7822
-7908
-7994
-8080
-8166
-8250
-8332
-8416
-8498
-8580
-8660
-8742
-8820
-8900
-8978
-9056
-9134
-9210
-9286
-9362
-9438
-9512
-9586
-9658
-9730
-9802
-9874
-9944
-10014
-10084
-10154
-10222
-10290
-10356
-10422
-10488
-10554
-10620
-10684
-10748
-10810
-10872
-10934
-10996
-11058
-11118
-11178
-11236
-11294
-11352
-11410
-11468
-11524
-11580
-11634
-11690
-11744
-11798
-11850
-11902
-11954
-12006
-12056
-12108
-12156
-12206
-12254
-12302
-12350
-12398
-12444
-12490
-12536
-12580
-12624
-12668
-12712
-12754
-12796
-12838
-12880
-12920
-12960
-13000
-13040
-13078
-13116
-13154
-13190
-13226
-13262
-13298
-13334
-13368
-13402
-13434
-13468
-13500
-13532
-13564
-13594
-13624
-13654
-13684
-13712
-13740
-13768
-13796
-13822
-13848
-13874
-13900
-13924
-13948
-13972
-13994
-14018
-14040
-14062
-14082
-14102
-14124
-14142
-14162
-14180
-14198
-14216
-14234
-14250
-14266
-14282
-14296
-14312
-14326
-14340
-14352
-14366
-14378
-14388
-14400
-14410
-14420
-14430
-14440
-14448
-14456
-14464
-14472
-14478
-14484
-14490
-14494
-14500
-14504
-14508
-14510
-14514
-14516
-14518
-14518
-14520
-14520
-14520
-14520
-14518
-14518
-14516
-14514
-14510
-14508
-14504
-14500
-14494
-14490
-14484
-14478
-14472
-14464
-14456
-14448
-14440
-14430
-14420
-14410
-14400
-14388
-14378
-14366
-14352
-14340
-14326
-14312
-14296
-14282
-14266
-14250
-14234
-14216
-14198
-14180
-14162
-14142
-14124
-14102
-14082
-14062
-14040
-14018
-13994
-13972
-13948
-13924
-13900
-13874
-13848
-13822
-13796
-13768
-13740
-13712
-13684
-13654
-13624
-13594
-13564
-13532
-13500
-13468
-13434
-13402
-13368
-13334
-13298
-13262
-13226
-13190
-13154
-13116
-13078
-13040
-13000
-12960
-12920
-12880
-12838
-12796
-12754
-12712
-12668
-12624
-12580
-12536
-12490
-12444
-12398
-12350
-12302
-12254
-12206
-12156
-12108
-12056
-12006
-11954
-11902
-11850
-11798
-11744
-11690
-11634
-11580
-11524
-11468
-11410
-11352
-11294
-11236
-11178
-11118
-11058
-10996
-10934
-10872
-10810
-10748
-10684
-10620
-10554
-10488
-10422
-10356
-10290
-10222
-10154
-10084
-10014
-9944
-9874
-9802
-9730
-9658
-9586
-9512
-9438
-9362
-9286
-9210
-9134
-9056
-8978
-8900
-8820
-8742
-8660
-8580
-8498
-8416
-8332
-8250
-8166
-8080
-7994
-7908
-7822
-7734
-7646
-7558
-7468
-7378
-7288
-7196
-7104
-7012
-6920
-6826
-6730
-6636
-6540
-6442
-6346
-6248
-6148
-6050
-5950
-5848
-5748
-5646
-5542
-5438
-5334
-5230
-5124
-5018
-4910
-4802
-4694
-4586
-4476
-4364
-4252
-4140
-4028
-3914
-3800
-3684
-3568
-3452
-3334
-3216
-3098
-2978
-2856
-2736
-2614
-2490
-2366
-2242
-2116
-1990
-1864
-1736
-1608
-1478
-1348
-1218
-1086
-952
-818
-684
-550
-414
-276
-138
0
140
280
422
564
706
850
996
1142
1288
1436
1584
1734
1884
2036
2188
2342
2496
2650
2806
2964
3122
3282
3442
3602
3764
3928
4092
4256
4424
4590
4758
4928
5098
5270
5442
5616
5790
5966
6144
6322
6500
6682
6862
7046
7228
7414
7600
7786
7976
8164
8356
8548
8740
8936
9132
9328
9526
9726
9926
10128
10332
10536
10742
10950
11158
11368
11580
11792
12008
12222
12440
12658
12878
13100
13322
13546
13772
14000
14228
14458
14690
14924
15158
15394
15632
15872
16114
16356
16602
16848
17096
17346
17596
17850
18104
18362
18620
18880
19142
19406
19672
19940
20210
20482
20756
21030
21308
21588
21870
22154
22440
22726
23016
23310
23604
23900
24198
24500
24804
25108
25416
25726
26040
26354
26672
26992
27316
27640
27968
28298
28632
28968
29306
29648
29992
30338
30688
31040
31396
31754
32116
32480
-32684
-32312
-31938
-31560
-31180
-30796
-30408
-30018
-29622
-29224
-28822
-28418
-28008
-27596
-27178
-26758
-26332
-25904
-25470
-25034
-24592
-24146
-23696
-23240
-22782
-22318
-21848
-21374
-20896
-20412
-19924
-19430
-18930
-18426
-17916
-17400
-16878
-16350
-15816
-15276
-14730
-14178
-13618
-13052
-12480
-11900
-11314
-10720
-10118
-9508
-8892
-8266
-7632
-6990
-6340
-5680
-5012
-4334
-3646
-2948
-2240
-1522
-792
-52
700
1464
2238
3026
3828
4642
5470
6312
7168
8040
8926
9830
10752
11688
12644
13620
14614
15628
16664
17722
18802
19906
21036
22192
23374
24586
25828
27100
28406
29746
31124
32540
-31534
-30034
-28486
-26892
-25244
-23540
-21778
-19952
-18058
-16088
-14042
-11908
-9680
-7350
-4908
-2342
360
3214
6238
9454
12886
16566
20532
24836
29536
-30818
-25052
-18552
-11098
0
0
0
0
0
0
0
0
0
0
0
0
0
0
0
0
0
0
0
0
0
0
0
0
0
0
0
0
0
0
0
0
0
0
0
0
0
0
0
0
0
0
0
0
0
0
0
0
0
0
0
0
0
0
0
0
0
0
0
0
0
0
0
0
0
0
0
0
0
0
0
0
0
0
0
0
0
0
0
0
0
0
0
0
0
0
0
0
0
0
0
0
0
0
0
0
0
0
0
0
0
0
0
0
0
0
0
0
0
0
0
0
0
0
0
0
0
0
0
0
0
0
0
0
0
0
0
0
0
0
0
0
0
0
0
0
0
0
0
0
0
0
0
0
0
0
0
0
0
0
0
0
0
0
0
0
0
0
0
0
0
0
0
0
0
0
0
0
0
0
0
0
0
0
0
0
0
0
0
0
0
0
0
0
0
0
0
0
0
0
0
0
0
0
0
0
0
0
0
0
0
0
0
0
0
0
0
0
0
0
0
0
0
0
0
0
0
0
0
0
0
0
0
0
0
0
0
0
0
0
0
0
0
0
0
0
0
0
0
0
0
0
0
0
0
0
0
0
0
0
0
0
0
0
0
0
0
0
0
0
0
0
0
0
0
0
0
0
0
0
0
0
0
0
0
0
0
0
0
0
0
0
0
0
0
0
0
0
0
0
0
0
0
0
0
0
0
0
0
0
0
0
0
0
0
0
0
0
0
0
0
0
0
0
0
0
0
0
0
0
0
0
0
0
0
0
0
0
0
0
0
0
0
0
0
0
0
0
0
0
0
0
0
0
0
0
0
0
0
0
0
0
0
0
0
0
0
0
0
0
0
0
0
0
0
0
0
0
0
0
0
0
0
0
0
0
0
0
0
0
0
0
0
0
0
0
0
0
0
0
0
0
0
0
0
0
0
0
0
0
0
0
0
0
0
0
0
0
0
0
0
0
0
0
0
0
0
0
0
0
0
0
0
0
0
0
0
0
0
0
0
0
0
0
0
0
0
0
0
0
0
0
0
0
0
0
0
0
0
0
0
0
0
0
0
0
0
0
0
0
0
0
0
0
0
0
0
0
0
0
0
0
0
0
0
0
0
0
0
0
0
0
0
0
0
0
0
0
0
0
0
0
0
0
0
0
0
0
0
0
0
0
0
0
0
0
0
0
0
0
0
0
0
0
0
0
0
0
0
0
0
0
0
0
0
0
0
0
0
0
0
0
0
0
0
0
0
0
0
0
0
0
0
0
0
0
0
0
0
0
0
0
0
0
0
0
0
0
0
0
0
0
0
0
0
0
0
0
0
0
0
0
0
0
0
0
0
0
0
0
0
0
0
0
0
0
0
0
0
0
0
0
0
0
0
0
0
0
0
0
0
0
0
0
0
0
0
0
0
0
0
0
0
0
0
0
0
0
0
0
0
0
0
0
0
0
0
0
0
0
0
0
0
0
0
0
0
0
0
0
0
0
0
0
0
0
0
0
0
0
0
0
0
0
0
0
0
0
0
0
0
0
0
0
0
0
0
0
0
0
0
0
0
0
0
0
0
0
0
0
0
0
0
0
0
0
0
0
0
0
0
0
0
0
0
0
0
0
0
0
0
0
0
0
0
0
0
0
0
0
0
0
0
0
0
0
0
0
0
0
0
0
0
0
0
0
0
0
0
0
0
0
0
0
0
0
0
0
0
0
0
0
0
0
0
0
0
0
0
0
0
0
5286
-2168
-8670
-14436
-19614
-24314
-28616
-32584
29268
25836
22622
19598
16744
14042
11476
9034
6704
4476
2342
294
-1674
-3568
-5394
-7158
-8860
-10508
-12104
-13650
-15152
-16608
-18024
-19402
-20744
-22050
-23322
-24564
-25774
-26958
-28112
-29242
-30346
-31428
-32484
32012
30996
30002
29028
28072
27134
26214
25310
24422
23550
22694
21852
21024
20210
19410
18622
17846
17082
16332
15590
14862
14144
13436
12738
12050
11372
10704
10044
9392
8750
8118
7492
6874
6266
5664
5070
4482
3904
3330
2764
2206
1652
1106
566
34
-494
-1016
-1532
-2042
-2548
-3046
-3540
-4030
-4514
-4992
-5466
-5934
-6398
-6858
-7312
-7764
-8208
-8650
-9088
-9520
-9950
-10374
-10796
-11212
-11626
-12034
-12440
-12842
-13240
-13634
-14026
-14412
-14798
-15178
-15556
-15930
-16300
-16668
-17034
-17394
-17754
-18108
-18462
-18812
-19158
-19502
-19844
-20182
-20518
-20850
-21180
-21508
-21834
-22156
-22476
-22794
-23110
-23422
-23732
-24040
-24346
-24650
-24950
-25250
-25546
-25840
-26132
-26422
-26710
-26996
-27280
-27560
-27840
-28118
-28394
-28668
-28938
-29208
-29476
-29742
-30006
-30268
-30528
-30788
-31044
-31300
-31552
-31804
-32054
-32302
-32548
32740
32496
32256
32016
31778
31542
31306
31072
30840
30610
30382
30154
29930
29704
29482
29260
29042
28822
28606
28390
28176
27964
27752
27542
27334
27126
26920
26716
26512
26310
26108
25910
25712
25514
25318
25124
24930
24738
24548
24358
24170
23982
23796
23612
23428
23246
23064
22884
22704
22526
22350
22174
22000
21826
21652
21482
21312
21142
20974
20806
20640
20474
20310
20148
19986
19824
19664
19506
19346
19190
19034
18878
18724
18570
18418
18268
18116
17968
17818
17672
17524
17378
17234
17090
16946
16804
16664
16522
16384
16244
16106
15970
15834
15698
15564
15430
15298
15166
15034
14904
14776
14646
14520
14392
14266
14140
14016
13892
13770
13648
13526
13406
13286
13166
13048
12932
12814
12698
12584
12468
12356
12242
12130
12018
11908
11798
11688
11580
11472
11366
11258
11154
11048
10944
10840
10738
10636
10534
10434
10334
10234
10136
10038
9940
9844
9748
9652
9558
9464
9370
9278
9186
9094
9004
8914
8824
8736
8648
8560
8474
8388
8302
8218
8134
8050
7968
7886
7804
7722
7642
7562
7482
7404
7326
7250
7172
7096
7020
6946
6872
6798
6724
6652
6580
6510
6438
6368
6298
6230
6162
6094
6026
5960
5894
5828
5764
5700
5636
5572
5510
5448
5386
5326
5266
5206
5146
5088
5030
4972
4916
4860
4804
4748
4694
4640
4586
4532
4480
4428
4378
4326
4276
4226
4176
4128
4080
4032
3986
3938
3892
3848
3802
3758
3714
3672
3628
3586
3544
3504
3462
3422
3382
3344
3306
3268
3230
3192
3156
3120
3084
3050
3016
2982
2948
2916
2882
2852
2820
2788
2758
2728
2700
2670
2642
2614
2588
2562
2534
2510
2484
2460
2436
2412
2388
2366
2344
2322
2300
2280
2260
2240
2222
2202
2184
2166
2150
2134
2116
2102
2086
2072
2058
2044
2030
2018
2006
1994
1984
1972
1962
1952
1944
1934
1926
1918
1912
1906
1898
1894
1888
1884
1880
1876
1872
1870
1868
1866
1864
1864
1864
