0
18
34
52
68
86
104
122
140
156
174
192
210
228
246
264
282
302
320
338
356
376
394
412
432
450
470
488
508
526
546
564
584
604
622
642
662
682
702
720
740
760
780
800
820
840
860
882
902
922
942
962
982
1004
1024
1044
1066
1086
1108
1128
1150
1170
1192
1212
1234
1254
1276
1296
1318
1340
1362
1382
1404
1426
1448
1468
1490
1512
1534
1556
1578
1600
1622
1644
1666
1688
1710
1732
1754
1776
1798
1822
1844
1866
1888
1910
1934
1956
1978
2000
0
0
0
0
0
0
0
0
0
0
0
0
0
0
0
0
0
0
0
0
0
0
0
0
0
0
0
0
0
0
0
0
0
0
0
0
0
0
0
0
0
0
0
0
0
0
0
0
0
0
0
0
0
0
0
0
0
0
0
0
0
0
0
0
0
0
0
0
0
0
0
0
0
0
0
0
0
0
0
0
0
0
0
0
0
0
0
0
0
0
0
0
0
0
0
0
0
0
0
0
0
0
0
0
0
0
0
0
0
0
0
0
0
0
0
0
0
0
0
0
0
0
0
0
0
0
0
0
0
0
0
0
0
0
0
0
0
0
0
0
0
0
0
0
0
0
0
0
0
0
0
0
0
0
0
0
0
0
0
0
0
0
0
0
0
0
0
0
0
0
0
0
0
0
0
0
0
0
0
0
0
0
0
0
0
0
0
0
0
0
0
0
0
0
0
0
0
0
0
0
0
0
0
0
0
0
0
0
0
0
0
0
0
0
0
0
0
0
0
0
0
0
0
0
0
0
0
0
0
0
0
0
0
0
0
0
0
0
0
0
0
0
0
0
0
0
0
0
0
0
0
0
0
0
0
0
0
0
0
0
0
0
0
0
0
0
0
0
0
0
0
0
0
0
0
0
0
0
0
0
0
0
0
0
0
0
0
0
0
0
0
0
0
0
0
0
0
0
0
0
0
0
0
0
0
0
0
0
0
0
0
0
0
0
0
0
0
0
0
0
0
0
0
0
0
0
0
0
0
0
0
0
0
0
0
0
0
0
0
0
0
0
0
0
0
0
0
0
0
0
0
0
0
0
0
0
0
0
0
0
0
0
0
0
0
0
0
0
0
0
0
0
0
0
0
32766
32766
32766
32766
32766
32766
32766
32766
32766
32766
32766
32766
32766
32766
32766
32766
32766
32766
32766
32766
32766
32766
32766
32766
32766
32766
32766
32766
32766
32766
32766
32766
32766
32766
32766
32766
32766
32766
32766
32766
32766
32766
32766
32766
32766
32766
32766
32766
32766
32766
32766
32766
32766
32766
32766
32766
32766
32766
32766
32766
32766
32766
32766
32766
32766
32766
32766
32766
32766
32766
32766
32766
32766
32766
32766
32766
32766
32766
32766
32766
32766
32766
32766
32766
32766
32766
32766
32766
32766
32766
32766
32766
32766
32766
32766
32766
32766
32766
32766
32766
32766
32766
32766
32766
32766
32766
32766
32766
32766
32766
32766
32766
32766
32766
32766
32766
32766
32766
32766
32766
32766
32766
32766
32766
32766
32766
32766
32766
32766
32766
32766
32766
32766
32766
32766
32766
32766
32766
32766
32766
32766
32766
32766
32766
32766
32766
32766
32766
32766
32766
32766
32766
32766
32766
32766
32766
32766
32766
32766
32766
32766
32766
32766
32766
32766
32766
32766
32766
32766
32766
32766
32766
32766
32766
32766
32766
32766
32766
32766
32766
32766
32766
32766
32766
32766
32766
32766
32766
32766
32766
32766
32766
32766
32766
32766
32766
32766
32766
32766
32766
32766
32766
32766
32766
32766
32766
32766
32766
32766
32766
32766
32766
32766
32766
32766
32766
32766
32766
32766
32766
32766
32766
32766
32766
32766
32766
32766
32766
32766
32766
32766
32766
32766
32766
32766
32766
32766
32766
32766
32766
32766
32766
32766
32766
32766
32766
32766
32766
32766
32766
0
0
0
0
0
0
0
0
0
0
0
0
0
0
0
0
0
0
0
0
0
0
0
0
0
0
0
0
0
0
0
0
0
0
0
0
0
0
0
0
0
0
0
0
0
0
0
0
0
0
0
0
0
0
0
0
0
0
0
0
0
0
0
0
0
0
0
0
0
0
0
0
0
0
0
0
0
0
0
0
0
0
0
0
0
0
0
0
0
0
0
0
0
0
0
0
0
0
0
0
0
0
0
0
0
0
0
0
0
0
0
0
0
0
0
0
0
0
0
0
0
0
0
0
0
0
0
0
0
0
0
0
0
0
0
0
0
0
0
0
0
0
0
0
0
0
0
0
0
0
0
0
0
0
0
0
0
0
0
0
0
0
0
0
0
0
0
0
0
0
0
0
0
0
0
0
0
0
0
0
0
0
0
0
0
0
0
0
0
0
0
0
0
0
0
0
0
0
0
0
0
0
0
0
0
0
0
0
0
0
0
0
0
0
0
0
0
0
0
0
0
0
0
0
0
0
0
0
0
0
0
0
0
0
0
0
0
0
0
0
0
0
0
0
0
0
0
0
0
0
0
0
0
0
0
0
0
0
0
0
0
0
0
0
0
0
0
0
0
0
0
0
0
0
0
0
0
0
0
0
0
0
0
0
0
0
0
0
0
0
0
0
0
0
0
0
0
0
0
0
0
0
0
0
0
0
0
0
0
0
0
0
0
0
0
0
0
0
0
0
0
0
0
0
0
0
0
0
0
0
0
0
0
0
0
0
0
0
0
0
0
0
0
0
0
0
0
0
0
0
0
0
0
0
0
0
0
0
0
0
0
0
0
0
0
0
0
0
0
0
0
0
0
0
0
0
0
0
0
0
0
0
0
0
0
0
0
0
0
0
0
0
0
0
0
0
0
0
0
0
0
0
0
0
0
0
0
0
0
0
0
0
0
0
0
0
0
0
0
0
0
0
0
0
0
0
0
0
0
0
0
0
0
0
0
0
0
0
0
0
0
0
0
0
0
0
0
0
0
0
0
0
0
0
0
0
0
0
0
0
0
0
0
0
0
0
0
0
0
0
0
0
0
0
0
0
0
0
0
0
0
0
0
0
0
0
0
0
0
0
0
0
0
0
0
0
0
0
0
0
0
0
0
0
0
0
0
0
0
0
0
0
0
0
0
0
0
0
0
0
0
0
0
0
0
0
0
0
0
0
0
0
0
0
0
0
0
0
0
0
0
0
0
0
0
0
0
0
0
0
0
0
0
0
0
0
0
0
0
0
0
0
0
0
0
0
0
0
0
0
0
0
0
0
0
0
0
0
0
0
0
0
0
0
0
0
0
0
0
0
0
0
0
0
0
0
0
0
0
0
0
0
0
0
0
0
0
0
0
0
0
0
0
0
0
0
0
0
0
0
0
0
0
0
0
0
0
0
0
0
0
0
0
0
0
0
0
0
0
0
0
0
0
0
0
0
0
0
0
0
0
0
0
0
0
0
0
0
0
0
0
0
0
0
0
0
0
0
0
0
0
0
0
0
0
0
0
0
0
0
0
0
0
0
0
0
0
0
0
0
0
0
0
0
0
0
0
0
0
0
0
0
0
0
0
0
0
0
0
0
0
0
0
0
0
0
0
0
0
0
0
0
0
0
0
0
0
0
0
0
0
0
0
0
0
0
0
0
0
0
0
0
0
0
0
0
0
0
0
0
32766
32766
32766
32766
32766
32766
32766
32766
32766
32766
32766
32766
32766
32766
32766
32766
32766
32766
32766
32766
32766
32766
32766
32766
32766
32766
32766
32766
32766
32766
32766
32766
32766
32766
32766
32766
32766
32766
32766
32766
32766
32766
32766
32766
32766
32766
32766
32766
32766
32766
32766
32766
32766
32766
32766
32766
32766
32766
32766
32766
32766
32766
32766
32766
32766
32766
32766
32766
32766
32766
32766
32766
32766
32766
32766
32766
32766
32766
32766
32766
32766
32766
32766
32766
32766
32766
32766
32766
32766
32766
32766
32766
32766
32766
32766
32766
32766
32766
32766
32766
32766
32766
32766
32766
32766
32766
32766
32766
32766
32766
32766
32766
32766
32766
32766
32766
32766
32766
32766
32766
32766
32766
32766
32766
32766
32766
32766
32766
32766
32766
32766
32766
32766
32766
32766
32766
32766
32766
32766
32766
32766
32766
32766
32766
32766
32766
32766
32766
32766
32766
32766
32766
32766
32766
32766
32766
32766
32766
32766
32766
32766
32766
32766
32766
32766
32766
32766
32766
32766
32766
32766
32766
32766
32766
32766
32766
32766
32766
32766
32766
32766
32766
32766
32766
32766
32766
32766
32766
32766
32766
32766
32766
32766
32766
32766
32766
32766
32766
32766
32766
32766
32766
32766
32766
32766
32766
32766
32766
32766
32766
32766
32766
32766
32766
32766
32766
32766
32766
32766
32766
32766
32766
32766
32766
32766
32766
32766
32766
32766
32766
32766
32766
32766
32766
32766
32766
32766
32766
32766
32766
32766
32766
32766
32766
32766
32766
32766
32766
32766
32766
0
0
0
0
0
0
0
0
0
0
0
0
0
0
0
0
0
0
0
0
0
0
0
0
0
0
0
0
0
0
0
0
0
0
0
0
0
0
0
0
0
0
0
0
0
0
0
0
0
0
0
0
0
0
0
0
0
0
0
0
0
0
0
0
0
0
0
0
0
0
0
0
0
0
0
0
0
0
0
0
0
0
0
0
0
0
0
0
0
0
0
0
0
0
0
0
0
0
0
0
0
0
0
0
0
0
0
0
0
0
0
0
0
0
0
0
0
0
0
0
0
0
0
0
0
0
0
0
0
0
0
0
0
0
0
0
0
0
0
0
0
0
0
0
0
0
0
0
0
0
0
0
0
0
0
0
0
0
0
0
0
0
0
0
0
0
0
0
0
0
0
0
0
0
0
0
0
0
0
0
0
0
0
0
0
0
0
0
0
0
0
0
0
0
0
0
0
0
0
0
0
0
0
0
0
0
0
0
0
0
0
0
0
0
0
0
0
0
0
0
0
0
0
0
0
0
0
0
0
0
0
0
0
0
0
0
0
0
0
0
0
0
0
0
0
0
0
0
0
0
0
0
0
0
0
0
0
0
0
0
0
0
0
0
0
0
0
0
0
0
0
0
0
0
0
0
0
0
0
0
0
0
0
0
0
0
0
0
0
0
0
0
0
0
0
0
0
0
0
0
0
0
0
0
0
0
0
0
0
0
0
0
0
0
0
0
0
0
0
0
0
0
0
0
0
0
0
0
0
0
0
0
0
0
0
0
0
0
0
0
0
0
0
0
0
0
0
0
0
0
0
0
0
0
0
0
0
0
0
0
0
0
0
0
0
0
0
0
0
0
0
0
0
0
0
2024
2046
2068
2092
2114
2136
2160
2182
2206
2228
2250
2274
2296
2320
2342
2366
2388
2412
2434
2458
2482
2504
2528
2550
2574
2596
2620
2644
2666
2690
2714
2736
2760
2782
2806
2830
2852
2876
2900
2924
2946
2970
2994
3016
3040
3064
3086
3110
3134
3158
3180
3204
3228
3250
3274
3298
3320
3344
3368
3392
3414
3438
3462
3484
3508
3532
3554
3578
3602
3624
3648
3672
3694
3718
3742
3764
3788
3812
3834
3858
3880
3904
3928
3950
3974
3996
4020
4042
4066
4088
4112
4134
4158
4180
4204
4226
4248
4272
4294
4318
0
0
0
0
0
0
0
0
0
0
0
0
0
0
0
0
0
0
0
0
0
0
0
0
0
0
0
0
0
0
0
0
0
0
0
0
0
0
0
0
0
0
0
0
0
0
0
0
0
0
0
0
0
0
0
0
0
0
0
0
0
0
0
0
0
0
0
0
0
0
0
0
0
0
0
0
0
0
0
0
0
0
0
0
0
0
0
0
0
0
0
0
0
0
0
0
0
0
0
0
0
0
0
0
0
0
0
0
0
0
0
0
0
0
0
0
0
0
0
0
0
0
0
0
0
0
0
0
0
0
0
0
0
0
0
0
0
0
0
0
0
0
0
0
0
0
0
0
0
0
0
0
0
0
0
0
0
0
0
0
0
0
0
0
0
0
0
0
0
0
0
0
0
0
0
0
0
0
0
0
0
0
0
0
0
0
0
0
0
0
0
0
0
0
0
0
0
0
0
0
0
0
0
0
0
0
0
0
0
0
0
0
0
0
0
0
0
0
0
0
0
0
0
0
0
0
0
0
0
0
0
0
0
0
0
0
0
0
0
0
0
0
0
0
0
0
0
0
0
0
0
0
0
0
0
0
0
0
0
0
0
0
0
0
0
0
0
0
0
0
0
0
0
0
0
0
0
0
0
0
0
0
0
0
0
0
0
0
0
0
0
0
0
0
0
0
0
0
0
0
0
0
0
0
0
0
0
0
0
0
0
0
0
0
0
0
0
0
0
0
0
0
0
0
0
0
0
0
0
0
0
0
0
0
0
0
0
0
0
0
0
0
0
0
0
0
0
0
0
0
0
0
0
0
0
0
0
0
0
0
0
0
0
0
0
0
0
0
0
0
0
0
0
0
0
32766
32766
32766
32766
32766
32766
32766
32766
32766
32766
32766
32766
32766
32766
32766
32766
32766
32766
32766
32766
32766
32766
32766
32766
32766
32766
32766
32766
32766
32766
32766
32766
32766
32766
32766
32766
32766
32766
32766
32766
32766
32766
32766
32766
32766
32766
32766
32766
32766
32766
32766
32766
32766
32766
32766
32766
32766
32766
32766
32766
32766
32766
32766
32766
32766
32766
32766
32766
32766
32766
32766
32766
32766
32766
32766
32766
32766
32766
32766
32766
32766
32766
32766
32766
32766
32766
32766
32766
32766
32766
32766
32766
32766
32766
32766
32766
32766
32766
32766
32766
32766
32766
32766
32766
32766
32766
32766
32766
32766
32766
32766
32766
32766
32766
32766
32766
32766
32766
32766
32766
32766
32766
32766
32766
32766
32766
32766
32766
32766
32766
32766
32766
32766
32766
32766
32766
32766
32766
32766
32766
32766
32766
32766
32766
32766
32766
32766
32766
32766
32766
32766
32766
32766
32766
32766
32766
32766
32766
32766
32766
32766
32766
32766
32766
32766
32766
32766
32766
32766
32766
32766
32766
32766
32766
32766
32766
32766
32766
32766
32766
32766
32766
32766
32766
32766
32766
32766
32766
32766
32766
32766
32766
32766
32766
32766
32766
32766
32766
32766
32766
32766
32766
32766
32766
32766
32766
32766
32766
32766
32766
32766
32766
32766
32766
32766
32766
32766
32766
32766
32766
32766
32766
32766
32766
32766
32766
32766
32766
32766
32766
32766
32766
32766
32766
32766
32766
32766
32766
32766
32766
32766
32766
32766
32766
32766
32766
32766
32766
32766
32766
0
0
0
0
0
0
0
0
0
0
0
0
0
0
0
0
0
0
0
0
0
0
0
0
0
0
0
0
0
0
0
0
0
0
0
0
0
0
0
0
0
0
0
0
0
0
0
0
0
0
0
0
0
0
0
0
0
0
0
0
0
0
0
0
0
0
0
0
0
0
0
0
0
0
0
0
0
0
0
0
0
0
0
0
0
0
0
0
0
0
0
0
0
0
0
0
0
0
0
0
0
0
0
0
0
0
0
0
0
0
0
0
0
0
0
0
0
0
0
0
0
0
0
0
0
0
0
0
0
0
0
0
0
0
0
0
0
0
0
0
0
0
0
0
0
0
0
0
0
0
0
0
0
0
0
0
0
0
0
0
0
0
0
0
0
0
0
0
0
0
0
0
0
0
0
0
0
0
0
0
0
0
0
0
0
0
0
0
0
0
0
0
0
0
0
0
0
0
0
0
0
0
0
0
0
0
0
0
0
0
0
0
0
0
0
0
0
0
0
0
0
0
0
0
0
0
0
0
0
0
0
0
0
0
0
0
0
0
0
0
0
0
0
0
0
0
0
0
0
0
0
0
0
0
0
0
0
0
0
0
0
0
0
0
0
0
0
0
0
0
0
0
0
0
0
0
0
0
0
0
0
0
0
0
0
0
0
0
0
0
0
0
0
0
0
0
0
0
0
0
0
0
0
0
0
0
0
0
0
0
0
0
0
0
0
0
0
0
0
0
0
0
0
0
0
0
0
0
0
0
0
0
0
0
0
0
0
0
0
0
0
0
0
0
0
0
0
0
0
0
0
0
0
0
0
0
0
0
0
0
0
0
0
0
0
0
0
0
0
0
0
0
0
0
0
0
0
0
0
0
0
0
0
0
0
0
0
0
0
0
0
0
0
0
0
0
0
0
0
0
0
0
0
0
0
0
0
0
0
0
0
0
0
0
0
0
0
0
0
0
0
0
0
0
0
0
0
0
0
0
0
0
0
0
0
0
0
0
0
0
0
0
0
0
0
0
0
0
0
0
0
0
0
0
0
0
0
0
0
0
0
0
0
0
0
0
0
0
0
0
0
0
0
0
0
0
0
0
0
0
0
0
0
0
0
0
0
0
0
0
0
0
0
0
0
0
0
0
0
0
0
0
0
0
0
0
0
0
0
0
0
0
0
0
0
0
0
0
0
0
0
0
0
0
0
0
0
0
0
0
0
0
0
0
0
0
0
0
0
0
0
0
0
0
0
0
0
0
0
0
0
0
0
0
0
0
0
0
0
0
0
0
0
0
0
0
0
0
0
0
0
0
0
0
0
0
0
0
0
0
0
0
0
0
0
0
0
0
0
0
0
0
0
0
0
0
0
0
0
0
0
0
0
0
0
0
0
0
0
0
0
0
0
0
0
0
0
0
0
0
0
0
0
0
0
0
0
0
0
0
0
0
0
0
0
0
0
0
0
0
0
0
0
0
0
0
0
0
0
0
0
0
0
0
0
0
0
0
0
0
0
0
0
0
0
0
0
0
0
0
0
0
0
0
0
0
0
0
0
0
0
0
0
0
0
0
0
0
0
0
0
0
0
0
0
0
0
0
0
0
0
0
0
0
0
0
0
0
0
0
0
0
0
0
0
0
0
0
0
0
0
0
0
0
0
0
0
0
0
0
0
0
0
0
0
0
0
0
0
0
0
0
0
0
0
0
0
0
0
0
32766
32766
32766
32766
32766
32766
32766
32766
32766
32766
32766
32766
32766
32766
32766
32766
32766
32766
32766
32766
32766
32766
32766
32766
32766
32766
32766
32766
32766
32766
32766
32766
32766
32766
32766
32766
32766
32766
32766
32766
32766
32766
32766
32766
32766
32766
32766
32766
32766
32766
32766
32766
32766
32766
32766
32766
32766
32766
32766
32766
32766
32766
32766
32766
32766
32766
32766
32766
32766
32766
32766
32766
32766
32766
32766
32766
32766
32766
32766
32766
32766
32766
32766
32766
32766
32766
32766
32766
32766
32766
32766
32766
32766
32766
32766
32766
32766
32766
32766
32766
32766
32766
32766
32766
32766
32766
32766
32766
32766
32766
32766
32766
32766
32766
32766
32766
32766
32766
32766
32766
32766
32766
32766
32766
32766
32766
32766
32766
32766
32766
32766
32766
32766
32766
32766
32766
32766
32766
32766
32766
32766
32766
32766
32766
32766
32766
32766
32766
32766
32766
32766
32766
32766
32766
32766
32766
32766
32766
32766
32766
32766
32766
32766
32766
32766
32766
32766
32766
32766
32766
32766
32766
32766
32766
32766
32766
32766
32766
32766
32766
32766
32766
32766
32766
32766
32766
32766
32766
32766
32766
32766
32766
32766
32766
32766
32766
32766
32766
32766
32766
32766
32766
32766
32766
32766
32766
32766
32766
32766
32766
32766
32766
32766
32766
32766
32766
32766
32766
32766
32766
32766
32766
32766
32766
32766
32766
32766
32766
32766
32766
32766
32766
32766
32766
32766
32766
32766
32766
32766
32766
32766
32766
32766
32766
32766
32766
32766
32766
32766
32766
0
0
0
0
0
0
0
0
0
0
0
0
0
0
0
0
0
0
0
0
0
0
0
0
0
0
0
0
0
0
0
0
0
0
0
0
0
0
0
0
0
0
0
0
0
0
0
0
0
0
0
0
0
0
0
0
0
0
0
0
0
0
0
0
0
0
0
0
0
0
0
0
0
0
0
0
0
0
0
0
0
0
0
0
0
0
0
0
0
0
0
0
0
0
0
0
0
0
0
0
0
0
0
0
0
0
0
0
0
0
0
0
0
0
0
0
0
0
0
0
0
0
0
0
0
0
0
0
0
0
0
0
0
0
0
0
0
0
0
0
0
0
0
0
0
0
0
0
0
0
0
0
0
0
0
0
0
0
0
0
0
0
0
0
0
0
0
0
0
0
0
0
0
0
0
0
0
0
0
0
0
0
0
0
0
0
0
0
0
0
0
0
0
0
0
0
0
0
0
0
0
0
0
0
0
0
0
0
0
0
0
0
0
0
0
0
0
0
0
0
0
0
0
0
0
0
0
0
0
0
0
0
0
0
0
0
0
0
0
0
0
0
0
0
0
0
0
0
0
0
0
0
0
0
0
0
0
0
0
0
0
0
0
0
0
0
0
0
0
0
0
0
0
0
0
0
0
0
0
0
0
0
0
0
0
0
0
0
0
0
0
0
0
0
0
0
0
0
0
0
0
0
0
0
0
0
0
0
0
0
0
0
0
0
0
0
0
0
0
0
0
0
0
0
0
0
0
0
0
0
0
0
0
0
0
0
0
0
0
0
0
0
0
0
0
0
0
0
0
0
0
0
0
0
0
0
0
0
0
0
0
0
0
0
0
0
0
0
0
0
0
0
0
0
0
4340
4362
4386
4408
4430
4454
4476
4498
4520
4542
4566
4588
4610
4632
4654
4676
4698
4722
4744
4766
4788
4810
4832
4852
4874
4896
4918
4940
4962
4984
5004
5026
5048
5070
5090
5112
5132
5154
5176
5196
5218
5238
5260
5280
5302
5322
5342
5364
5384
5404
5424
5446
5466
5486
5506
5526
5546
5566
5586
5606
5626
5646
5666
5686
5704
5724
5744
5764
5782
5802
5820
5840
5858
5878
5896
5916
5934
5952
5972
5990
6008
6026
6046
6064
6082
6100
6118
6136
6154
6170
6188
6206
6224
6240
6258
6276
6292
6310
6326
6344
0
0
0
0
0
0
0
0
0
0
0
0
0
0
0
0
0
0
0
0
0
0
0
0
0
0
0
0
0
0
0
0
0
0
0
0
0
0
0
0
0
0
0
0
0
0
0
0
0
0
0
0
0
0
0
0
0
0
0
0
0
0
0
0
0
0
0
0
0
0
0
0
0
0
0
0
0
0
0
0
0
0
0
0
0
0
0
0
0
0
0
0
0
0
0
0
0
0
0
0
0
0
0
0
0
0
0
0
0
0
0
0
0
0
0
0
0
0
0
0
0
0
0
0
0
0
0
0
0
0
0
0
0
0
0
0
0
0
0
0
0
0
0
0
0
0
0
0
0
0
0
0
0
0
0
0
0
0
0
0
0
0
0
0
0
0
0
0
0
0
0
0
0
0
0
0
0
0
0
0
0
0
0
0
0
0
0
0
0
0
0
0
0
0
0
0
0
0
0
0
0
0
0
0
0
0
0
0
0
0
0
0
0
0
0
0
0
0
0
0
0
0
0
0
0
0
0
0
0
0
0
0
0
0
0
0
0
0
0
0
0
0
0
0
0
0
0
0
0
0
0
0
0
0
0
0
0
0
0
0
0
0
0
0
0
0
0
0
0
0
0
0
0
0
0
0
0
0
0
0
0
0
0
0
0
0
0
0
0
0
0
0
0
0
0
0
0
0
0
0
0
0
0
0
0
0
0
0
0
0
0
0
0
0
0
0
0
0
0
0
0
0
0
0
0
0
0
0
0
0
0
0
0
0
0
0
0
0
0
0
0
0
0
0
0
0
0
0
0
0
0
0
0
0
0
0
0
0
0
0
0
0
0
0
0
0
0
0
0
0
0
0
0
0
0
32766
32766
32766
32766
32766
32766
32766
32766
32766
32766
32766
32766
32766
32766
32766
32766
32766
32766
32766
32766
32766
32766
32766
32766
32766
32766
32766
32766
32766
32766
32766
32766
32766
32766
32766
32766
32766
32766
32766
32766
32766
32766
32766
32766
32766
32766
32766
32766
32766
32766
32766
32766
32766
32766
32766
32766
32766
32766
32766
32766
32766
32766
32766
32766
32766
32766
32766
32766
32766
32766
32766
32766
32766
32766
32766
32766
32766
32766
32766
32766
32766
32766
32766
32766
32766
32766
32766
32766
32766
32766
32766
32766
32766
32766
32766
32766
32766
32766
32766
32766
32766
32766
32766
32766
32766
32766
32766
32766
32766
32766
32766
32766
32766
32766
32766
32766
32766
32766
32766
32766
32766
32766
32766
32766
32766
32766
32766
32766
32766
32766
32766
32766
32766
32766
32766
32766
32766
32766
32766
32766
32766
32766
32766
32766
32766
32766
32766
32766
32766
32766
32766
32766
32766
32766
32766
32766
32766
32766
32766
32766
32766
32766
32766
32766
32766
32766
32766
32766
32766
32766
32766
32766
32766
32766
32766
32766
32766
32766
32766
32766
32766
32766
32766
32766
32766
32766
32766
32766
32766
32766
32766
32766
32766
32766
32766
32766
32766
32766
32766
32766
32766
32766
32766
32766
32766
32766
32766
32766
32766
32766
32766
32766
32766
32766
32766
32766
32766
32766
32766
32766
32766
32766
32766
32766
32766
32766
32766
32766
32766
32766
32766
32766
32766
32766
32766
32766
32766
32766
32766
32766
32766
32766
32766
32766
32766
32766
32766
32766
32766
32766
0
0
0
0
0
0
0
0
0
0
0
0
0
0
0
0
0
0
0
0
0
0
0
0
0
0
0
0
0
0
0
0
0
0
0
0
0
0
0
0
0
0
0
0
0
0
0
0
0
0
0
0
0
0
0
0
0
0
0
0
0
0
0
0
0
0
0
0
0
0
0
0
0
0
0
0
0
0
0
0
0
0
0
0
0
0
0
0
0
0
0
0
0
0
0
0
0
0
0
0
0
0
0
0
0
0
0
0
0
0
0
0
0
0
0
0
0
0
0
0
0
0
0
0
0
0
0
0
0
0
0
0
0
0
0
0
0
0
0
0
0
0
0
0
0
0
0
0
0
0
0
0
0
0
0
0
0
0
0
0
0
0
0
0
0
0
0
0
0
0
0
0
0
0
0
0
0
0
0
0
0
0
0
0
0
0
0
0
0
0
0
0
0
0
0
0
0
0
0
0
0
0
0
0
0
0
0
0
0
0
0
0
0
0
0
0
0
0
0
0
0
0
0
0
0
0
0
0
0
0
0
0
0
0
0
0
0
0
0
0
0
0
0
0
0
0
0
0
0
0
0
0
0
0
0
0
0
0
0
0
0
0
0
0
0
0
0
0
0
0
0
0
0
0
0
0
0
0
0
0
0
0
0
0
0
0
0
0
0
0
0
0
0
0
0
0
0
0
0
0
0
0
0
0
0
0
0
0
0
0
0
0
0
0
0
0
0
0
0
0
0
0
0
0
0
0
0
0
0
0
0
0
0
0
0
0
0
0
0
0
0
0
0
0
0
0
0
0
0
0
0
0
0
0
0
0
0
0
0
0
0
0
0
0
0
0
0
0
0
0
0
0
0
0
0
0
0
0
0
0
0
0
0
0
0
0
0
0
0
0
0
0
0
0
0
0
0
0
0
0
0
0
0
0
0
0
0
0
0
0
0
0
0
0
0
0
0
0
0
0
0
0
0
0
0
0
0
0
0
0
0
0
0
0
0
0
0
0
0
0
0
0
0
0
0
0
0
0
0
0
0
0
0
0
0
0
0
0
0
0
0
0
0
0
0
0
0
0
0
0
0
0
0
0
0
0
0
0
0
0
0
0
0
0
0
0
0
0
0
0
0
0
0
0
0
0
0
0
0
0
0
0
0
0
0
0
0
0
0
0
0
0
0
0
0
0
0
0
0
0
0
0
0
0
0
0
0
0
0
0
0
0
0
0
0
0
0
0
0
0
0
0
0
0
0
0
0
0
0
0
0
0
0
0
0
0
0
0
0
0
0
0
0
0
0
0
0
0
0
0
0
0
0
0
0
0
0
0
0
0
0
0
0
0
0
0
0
0
0
0
0
0
0
0
0
0
0
0
0
0
0
0
0
0
0
0
0
0
0
0
0
0
0
0
0
0
0
0
0
0
0
0
0
0
0
0
0
0
0
0
0
0
0
0
0
0
0
0
0
0
0
0
0
0
0
0
0
0
0
0
0
0
0
0
0
0
0
0
0
0
0
0
0
0
0
0
0
0
0
0
0
0
0
0
0
0
0
0
0
0
0
0
0
0
0
0
0
0
0
0
0
0
0
0
0
0
0
0
0
0
0
0
0
0
0
0
0
0
0
0
0
0
0
0
0
0
0
0
0
0
0
0
0
0
0
0
0
0
0
0
0
0
0
0
0
0
0
0
0
0
0
0
0
0
0
0
0
0
0
0
32766
32766
32766
32766
32766
32766
32766
32766
32766
32766
32766
32766
32766
32766
32766
32766
32766
32766
32766
32766
32766
32766
32766
32766
32766
32766
32766
32766
32766
32766
32766
32766
32766
32766
32766
32766
32766
32766
32766
32766
32766
32766
32766
32766
32766
32766
32766
32766
32766
32766
32766
32766
32766
32766
32766
32766
32766
32766
32766
32766
32766
32766
32766
32766
32766
32766
32766
32766
32766
32766
32766
32766
32766
32766
32766
32766
32766
32766
32766
32766
32766
32766
32766
32766
32766
32766
32766
32766
32766
32766
32766
32766
32766
32766
32766
32766
32766
32766
32766
32766
32766
32766
32766
32766
32766
32766
32766
32766
32766
32766
32766
32766
32766
32766
32766
32766
32766
32766
32766
32766
32766
32766
32766
32766
32766
32766
32766
32766
32766
32766
32766
32766
32766
32766
32766
32766
32766
32766
32766
32766
32766
32766
32766
32766
32766
32766
32766
32766
32766
32766
32766
32766
32766
32766
32766
32766
32766
32766
32766
32766
32766
32766
32766
32766
32766
32766
32766
32766
32766
32766
32766
32766
32766
32766
32766
32766
32766
32766
32766
32766
32766
32766
32766
32766
32766
32766
32766
32766
32766
32766
32766
32766
32766
32766
32766
32766
32766
32766
32766
32766
32766
32766
32766
32766
32766
32766
32766
32766
32766
32766
32766
32766
32766
32766
32766
32766
32766
32766
32766
32766
32766
32766
32766
32766
32766
32766
32766
32766
32766
32766
32766
32766
32766
32766
32766
32766
32766
32766
32766
32766
32766
32766
32766
32766
32766
32766
32766
32766
32766
32766
0
0
0
0
0
0
0
0
0
0
0
0
0
0
0
0
0
0
0
0
0
0
0
0
0
0
0
0
0
0
0
0
0
0
0
0
0
0
0
0
0
0
0
0
0
0
0
0
0
0
0
0
0
0
0
0
0
0
0
0
0
0
0
0
0
0
0
0
0
0
0
0
0
0
0
0
0
0
0
0
0
0
0
0
0
0
0
0
0
0
0
0
0
0
0
0
0
0
0
0
0
0
0
0
0
0
0
0
0
0
0
0
0
0
0
0
0
0
0
0
0
0
0
0
0
0
0
0
0
0
0
0
0
0
0
0
0
0
0
0
0
0
0
0
0
0
0
0
0
0
0
0
0
0
0
0
0
0
0
0
0
0
0
0
0
0
0
0
0
0
0
0
0
0
0
0
0
0
0
0
0
0
0
0
0
0
0
0
0
0
0
0
0
0
0
0
0
0
0
0
0
0
0
0
0
0
0
0
0
0
0
0
0
0
0
0
0
0
0
0
0
0
0
0
0
0
0
0
0
0
0
0
0
0
0
0
0
0
0
0
0
0
0
0
0
0
0
0
0
0
0
0
0
0
0
0
0
0
0
0
0
0
0
0
0
0
0
0
0
0
0
0
0
0
0
0
0
0
0
0
0
0
0
0
0
0
0
0
0
0
0
0
0
0
0
0
0
0
0
0
0
0
0
0
0
0
0
0
0
0
0
0
0
0
0
0
0
0
0
0
0
0
0
0
0
0
0
0
0
0
0
0
0
0
0
0
0
0
0
0
0
0
0
0
0
0
0
0
0
0
0
0
0
0
0
0
0
0
0
0
0
0
0
0
0
0
0
0
0
0
0
0
0
0
0
6360
6378
6394
6410
6426
6444
6460
6476
6492
6508
6524
6540
6556
6570
6586
6602
6618
6632
6648
6662
6678
6692
6708
6722
6736
6752
6766
6780
6794
6808
6822
6836
6850
6864
6878
6890
6904
6918
6930
6944
6956
6970
6982
6996
7008
7020
7032
7044
7056
7068
7080
7092
7104
7116
7128
7138
7150
7162
7172
7184
7194
7206
7216
7226
7236
7246
7258
7268
7278
7286
7296
7306
7316
7326
7334
7344
7352
7362
7370
7380
7388
7396
7404
7412
7420
7428
7436
7444
7452
7460
7468
7474
7482
7488
7496
7502
7510
7516
7522
7528
0
0
0
0
0
0
0
0
0
0
0
0
0
0
0
0
0
0
0
0
0
0
0
0
0
0
0
0
0
0
0
0
0
0
0
0
0
0
0
0
0
0
0
0
0
0
0
0
0
0
0
0
0
0
0
0
0
0
0
0
0
0
0
0
0
0
0
0
0
0
0
0
0
0
0
0
0
0
0
0
0
0
0
0
0
0
0
0
0
0
0
0
0
0
0
0
0
0
0
0
0
0
0
0
0
0
0
0
0
0
0
0
0
0
0
0
0
0
0
0
0
0
0
0
0
0
0
0
0
0
0
0
0
0
0
0
0
0
0
0
0
0
0
0
0
0
0
0
0
0
0
0
0
0
0
0
0
0
0
0
0
0
0
0
0
0
0
0
0
0
0
0
0
0
0
0
0
0
0
0
0
0
0
0
0
0
0
0
0
0
0
0
0
0
0
0
0
0
0
0
0
0
0
0
0
0
0
0
0
0
0
0
0
0
0
0
0
0
0
0
0
0
0
0
0
0
0
0
0
0
0
0
0
0
0
0
0
0
0
0
0
0
0
0
0
0
0
0
0
0
0
0
0
0
0
0
0
0
0
0
0
0
0
0
0
0
0
0
0
0
0
0
0
0
0
0
0
0
0
0
0
0
0
0
0
0
0
0
0
0
0
0
0
0
0
0
0
0
0
0
0
0
0
0
0
0
0
0
0
0
0
0
0
0
0
0
0
0
0
0
0
0
0
0
0
0
0
0
0
0
0
0
0
0
0
0
0
0
0
0
0
0
0
0
0
0
0
0
0
0
0
0
0
0
0
0
0
0
0
0
0
0
0
0
0
0
0
0
0
0
0
0
0
0
0
32766
32766
32766
32766
32766
32766
32766
32766
32766
32766
32766
32766
32766
32766
32766
32766
32766
32766
32766
32766
32766
32766
32766
32766
32766
32766
32766
32766
32766
32766
32766
32766
32766
32766
32766
32766
32766
32766
32766
32766
32766
32766
32766
32766
32766
32766
32766
32766
32766
32766
32766
32766
32766
32766
32766
32766
32766
32766
32766
32766
32766
32766
32766
32766
32766
32766
32766
32766
32766
32766
32766
32766
32766
32766
32766
32766
32766
32766
32766
32766
32766
32766
32766
32766
32766
32766
32766
32766
32766
32766
32766
32766
32766
32766
32766
32766
32766
32766
32766
32766
32766
32766
32766
32766
32766
32766
32766
32766
32766
32766
32766
32766
32766
32766
32766
32766
32766
32766
32766
32766
32766
32766
32766
32766
32766
32766
32766
32766
32766
32766
32766
32766
32766
32766
32766
32766
32766
32766
32766
32766
32766
32766
32766
32766
32766
32766
32766
32766
32766
32766
32766
32766
32766
32766
32766
32766
32766
32766
32766
32766
32766
32766
32766
32766
32766
32766
32766
32766
32766
32766
32766
32766
32766
32766
32766
32766
32766
32766
32766
32766
32766
32766
32766
32766
32766
32766
32766
32766
32766
32766
32766
32766
32766
32766
32766
32766
32766
32766
32766
32766
32766
32766
32766
32766
32766
32766
32766
32766
32766
32766
32766
32766
32766
32766
32766
32766
32766
32766
32766
32766
32766
32766
32766
32766
32766
32766
32766
32766
32766
32766
32766
32766
32766
32766
32766
32766
32766
32766
32766
32766
32766
32766
32766
32766
32766
32766
32766
32766
32766
32766
0
0
0
0
0
0
0
0
0
0
0
0
0
0
0
0
0
0
0
0
0
0
0
0
0
0
0
0
0
0
0
0
0
0
0
0
0
0
0
0
0
0
0
0
0
0
0
0
0
0
0
0
0
0
0
0
0
0
0
0
0
0
0
0
0
0
0
0
0
0
0
0
0
0
0
0
0
0
0
0
0
0
0
0
0
0
0
0
0
0
0
0
0
0
0
0
0
0
0
0
0
0
0
0
0
0
0
0
0
0
0
0
0
0
0
0
0
0
0
0
0
0
0
0
0
0
0
0
0
0
0
0
0
0
0
0
0
0
0
0
0
0
0
0
0
0
0
0
0
0
0
0
0
0
0
0
0
0
0
0
0
0
0
0
0
0
0
0
0
0
0
0
0
0
0
0
0
0
0
0
0
0
0
0
0
0
0
0
0
0
0
0
0
0
0
0
0
0
0
0
0
0
0
0
0
0
0
0
0
0
0
0
0
0
0
0
0
0
0
0
0
0
0
0
0
0
0
0
0
0
0
0
0
0
0
0
0
0
0
0
0
0
0
0
0
0
0
0
0
0
0
0
0
0
0
0
0
0
0
0
0
0
0
0
0
0
0
0
0
0
0
0
0
0
0
0
0
0
0
0
0
0
0
0
0
0
0
0
0
0
0
0
0
0
0
0
0
0
0
0
0
0
0
0
0
0
0
0
0
0
0
0
0
0
0
0
0
0
0
0
0
0
0
0
0
0
0
0
0
0
0
0
0
0
0
0
0
0
0
0
0
0
0
0
0
0
0
0
0
0
0
0
0
0
0
0
0
0
0
0
0
0
0
0
0
0
0
0
0
0
0
0
0
0
0
0
0
0
0
0
0
0
0
0
0
0
0
0
0
0
0
0
0
0
0
0
0
0
0
0
0
0
0
0
0
0
0
0
0
0
0
0
0
0
0
0
0
0
0
0
0
0
0
0
0
0
0
0
0
0
0
0
0
0
0
0
0
0
0
0
0
0
0
0
0
0
0
0
0
0
0
0
0
0
0
0
0
0
0
0
0
0
0
0
0
0
0
0
0
0
0
0
0
0
0
0
0
0
0
0
0
0
0
0
0
0
0
0
0
0
0
0
0
0
0
0
0
0
0
0
0
0
0
0
0
0
0
0
0
0
0
0
0
0
0
0
0
0
0
0
0
0
0
0
0
0
0
0
0
0
0
0
0
0
0
0
0
0
0
0
0
0
0
0
0
0
0
0
0
0
0
0
0
0
0
0
0
0
0
0
0
0
0
0
0
0
0
0
0
0
0
0
0
0
0
0
0
0
0
0
0
0
0
0
0
0
0
0
0
0
0
0
0
0
0
0
0
0
0
0
0
0
0
0
0
0
0
0
0
0
0
0
0
0
0
0
0
0
0
0
0
0
0
0
0
0
0
0
0
0
0
0
0
0
0
0
0
0
0
0
0
0
0
0
0
0
0
0
0
0
0
0
0
0
0
0
0
0
0
0
0
0
0
0
0
0
0
0
0
0
0
0
0
0
0
0
0
0
0
0
0
0
0
0
0
0
0
0
0
0
0
0
0
0
0
0
0
0
0
0
0
0
0
0
0
0
0
0
0
0
0
0
0
0
0
0
0
0
0
0
0
0
0
0
0
0
0
0
0
0
0
0
0
0
0
0
0
0
0
0
0
0
0
0
0
0
0
0
0
0
32766
32766
32766
32766
32766
32766
32766
32766
32766
32766
32766
32766
32766
32766
32766
32766
32766
32766
32766
32766
32766
32766
32766
32766
32766
32766
32766
32766
32766
32766
32766
32766
32766
32766
32766
32766
32766
32766
32766
32766
32766
32766
32766
32766
32766
32766
32766
32766
32766
32766
32766
32766
32766
32766
32766
32766
32766
32766
32766
32766
32766
32766
32766
32766
32766
32766
32766
32766
32766
32766
32766
32766
32766
32766
32766
32766
32766
32766
32766
32766
32766
32766
32766
32766
32766
32766
32766
32766
32766
32766
32766
32766
32766
32766
32766
32766
32766
32766
32766
32766
32766
32766
32766
32766
32766
32766
32766
32766
32766
32766
32766
32766
32766
32766
32766
32766
32766
32766
32766
32766
32766
32766
32766
32766
32766
32766
32766
32766
32766
32766
32766
32766
32766
32766
32766
32766
32766
32766
32766
32766
32766
32766
32766
32766
32766
32766
32766
32766
32766
32766
32766
32766
32766
32766
32766
32766
32766
32766
32766
32766
32766
32766
32766
32766
32766
32766
32766
32766
32766
32766
32766
32766
32766
32766
32766
32766
32766
32766
32766
32766
32766
32766
32766
32766
32766
32766
32766
32766
32766
32766
32766
32766
32766
32766
32766
32766
32766
32766
32766
32766
32766
32766
32766
32766
32766
32766
32766
32766
32766
32766
32766
32766
32766
32766
32766
32766
32766
32766
32766
32766
32766
32766
32766
32766
32766
32766
32766
32766
32766
32766
32766
32766
32766
32766
32766
32766
32766
32766
32766
32766
32766
32766
32766
32766
32766
32766
32766
32766
32766
32766
0
0
0
0
0
0
0
0
0
0
0
0
0
0
0
0
0
0
0
0
0
0
0
0
0
0
0
0
0
0
0
0
0
0
0
0
0
0
0
0
0
0
0
0
0
0
0
0
0
0
0
0
0
0
0
0
0
0
0
0
0
0
0
0
0
0
0
0
0
0
0
0
0
0
0
0
0
0
0
0
0
0
0
0
0
0
0
0
0
0
0
0
0
0
0
0
0
0
0
0
0
0
0
0
0
0
0
0
0
0
0
0
0
0
0
0
0
0
0
0
0
0
0
0
0
0
0
0
0
0
0
0
0
0
0
0
0
0
0
0
0
0
0
0
0
0
0
0
0
0
0
0
0
0
0
0
0
0
0
0
0
0
0
0
0
0
0
0
0
0
0
0
0
0
0
0
0
0
0
0
0
0
0
0
0
0
0
0
0
0
0
0
0
0
0
0
0
0
0
0
0
0
0
0
0
0
0
0
0
0
0
0
0
0
0
0
0
0
0
0
0
0
0
0
0
0
0
0
0
0
0
0
0
0
0
0
0
0
0
0
0
0
0
0
0
0
0
0
0
0
0
0
0
0
0
0
0
0
0
0
0
0
0
0
0
0
0
0
0
0
0
0
0
0
0
0
0
0
0
0
0
0
0
0
0
0
0
0
0
0
0
0
0
0
0
0
0
0
0
0
0
0
0
0
0
0
0
0
0
0
0
0
0
0
0
0
0
0
0
0
0
0
0
0
0
0
0
0
0
0
0
0
0
0
0
0
0
0
0
0
0
0
0
0
0
0
0
0
0
0
0
0
0
0
0
0
0
0
0
0
0
0
0
0
0
0
0
0
0
0
0
0
0
0
0
7534
7540
7546
7552
7558
7564
7570
7574
7580
7586
7590
7596
7600
7604
7610
7614
7618
7622
7626
7630
7634
7638
7640
7644
7648
7650
7654
7656
7660
7662
7664
7666
7670
7672
7674
7676
7678
7678
7680
7682
7684
7684
7686
7686
7688
7688
7688
7688
7690
7690
7690
7690
7688
7688
7688
7688
7686
7686
7686
7684
7682
7682
7680
7678
7676
7674
7672
7670
7668
7666
7664
7662
7658
7656
7652
7650
7646
7644
7640
7636
7632
7628
7624
7620
7616
7612
7608
7604
7598
7594
7590
7584
7578
7574
7568
7562
7556
7552
7546
7540
0
0
0
0
0
0
0
0
0
0
0
0
0
0
0
0
0
0
0
0
0
0
0
0
0
0
0
0
0
0
0
0
0
0
0
0
0
0
0
0
0
0
0
0
0
0
0
0
0
0
0
0
0
0
0
0
0
0
0
0
0
0
0
0
0
0
0
0
0
0
0
0
0
0
0
0
0
0
0
0
0
0
0
0
0
0
0
0
0
0
0
0
0
0
0
0
0
0
0
0
0
0
0
0
0
0
0
0
0
0
0
0
0
0
0
0
0
0
0
0
0
0
0
0
0
0
0
0
0
0
0
0
0
0
0
0
0
0
0
0
0
0
0
0
0
0
0
0
0
0
0
0
0
0
0
0
0
0
0
0
0
0
0
0
0
0
0
0
0
0
0
0
0
0
0
0
0
0
0
0
0
0
0
0
0
0
0
0
0
0
0
0
0
0
0
0
0
0
0
0
0
0
0
0
0
0
0
0
0
0
0
0
0
0
0
0
0
0
0
0
0
0
0
0
0
0
0
0
0
0
0
0
0
0
0
0
0
0
0
0
0
0
0
0
0
0
0
0
0
0
0
0
0
0
0
0
0
0
0
0
0
0
0
0
0
0
0
0
0
0
0
0
0
0
0
0
0
0
0
0
0
0
0
0
0
0
0
0
0
0
0
0
0
0
0
0
0
0
0
0
0
0
0
0
0
0
0
0
0
0
0
0
0
0
0
0
0
0
0
0
0
0
0
0
0
0
0
0
0
0
0
0
0
0
0
0
0
0
0
0
0
0
0
0
0
0
0
0
0
0
0
0
0
0
0
0
0
0
0
0
0
0
0
0
0
0
0
0
0
0
0
0
0
0
0
32766
32766
32766
32766
32766
32766
32766
32766
32766
32766
32766
32766
32766
32766
32766
32766
32766
32766
32766
32766
32766
32766
32766
32766
32766
32766
32766
32766
32766
32766
32766
32766
32766
32766
32766
32766
32766
32766
32766
32766
32766
32766
32766
32766
32766
32766
32766
32766
32766
32766
32766
32766
32766
32766
32766
32766
32766
32766
32766
32766
32766
32766
32766
32766
32766
32766
32766
32766
32766
32766
32766
32766
32766
32766
32766
32766
32766
32766
32766
32766
32766
32766
32766
32766
32766
32766
32766
32766
32766
32766
32766
32766
32766
32766
32766
32766
32766
32766
32766
32766
32766
32766
32766
32766
32766
32766
32766
32766
32766
32766
32766
32766
32766
32766
32766
32766
32766
32766
32766
32766
32766
32766
32766
32766
32766
32766
32766
32766
32766
32766
32766
32766
32766
32766
32766
32766
32766
32766
32766
32766
32766
32766
32766
32766
32766
32766
32766
32766
32766
32766
32766
32766
32766
32766
32766
32766
32766
32766
32766
32766
32766
32766
32766
32766
32766
32766
32766
32766
32766
32766
32766
32766
32766
32766
32766
32766
32766
32766
32766
32766
32766
32766
32766
32766
32766
32766
32766
32766
32766
32766
32766
32766
32766
32766
32766
32766
32766
32766
32766
32766
32766
32766
32766
32766
32766
32766
32766
32766
32766
32766
32766
32766
32766
32766
32766
32766
32766
32766
32766
32766
32766
32766
32766
32766
32766
32766
32766
32766
32766
32766
32766
32766
32766
32766
32766
32766
32766
32766
32766
32766
32766
32766
32766
32766
32766
32766
32766
32766
32766
32766
0
0
0
0
0
0
0
0
0
0
0
0
0
0
0
0
0
0
0
0
0
0
0
0
0
0
0
0
0
0
0
0
0
0
0
0
0
0
0
0
0
0
0
0
0
0
0
0
0
0
0
0
0
0
0
0
0
0
0
0
0
0
0
0
0
0
0
0
0
0
0
0
0
0
0
0
0
0
0
0
0
0
0
0
0
0
0
0
0
0
0
0
0
0
0
0
0
0
0
0
0
0
0
0
0
0
0
0
0
0
0
0
0
0
0
0
0
0
0
0
0
0
0
0
0
0
0
0
0
0
0
0
0
0
0
0
0
0
0
0
0
0
0
0
0
0
0
0
0
0
0
0
0
0
0
0
0
0
0
0
0
0
0
0
0
0
0
0
0
0
0
0
0
0
0
0
0
0
0
0
0
0
0
0
0
0
0
0
0
0
0
0
0
0
0
0
0
0
0
0
0
0
0
0
0
0
0
0
0
0
0
0
0
0
0
0
0
0
0
0
0
0
0
0
0
0
0
0
0
0
0
0
0
0
0
0
0
0
0
0
0
0
0
0
0
0
0
0
0
0
0
0
0
0
0
0
0
0
0
0
0
0
0
0
0
0
0
0
0
0
0
0
0
0
0
0
0
0
0
0
0
0
0
0
0
0
0
0
0
0
0
0
0
0
0
0
0
0
0
0
0
0
0
0
0
0
0
0
0
0
0
0
0
0
0
0
0
0
0
0
0
0
0
0
0
0
0
0
0
0
0
0
0
0
0
0
0
0
0
0
0
0
0
0
0
0
0
0
0
0
0
0
0
0
0
0
0
0
0
0
0
0
0
0
0
0
0
0
0
0
0
0
0
0
0
0
0
0
0
0
0
0
0
0
0
0
0
0
0
0
0
0
0
0
0
0
0
0
0
0
0
0
0
0
0
0
0
0
0
0
0
0
0
0
0
0
0
0
0
0
0
0
0
0
0
0
0
0
0
0
0
0
0
0
0
0
0
0
0
0
0
0
0
0
0
0
0
0
0
0
0
0
0
0
0
0
0
0
0
0
0
0
0
0
0
0
0
0
0
0
0
0
0
0
0
0
0
0
0
0
0
0
0
0
0
0
0
0
0
0
0
0
0
0
0
0
0
0
0
0
0
0
0
0
0
0
0
0
0
0
0
0
0
0
0
0
0
0
0
0
0
0
0
0
0
0
0
0
0
0
0
0
0
0
0
0
0
0
0
0
0
0
0
0
0
0
0
0
0
0
0
0
0
0
0
0
0
0
0
0
0
0
0
0
0
0
0
0
0
0
0
0
0
0
0
0
0
0
0
0
0
0
0
0
0
0
0
0
0
0
0
0
0
0
0
0
0
0
0
0
0
0
0
0
0
0
0
0
0
0
0
0
0
0
0
0
0
0
0
0
0
0
0
0
0
0
0
0
0
0
0
0
0
0
0
0
0
0
0
0
0
0
0
0
0
0
0
0
0
0
0
0
0
0
0
0
0
0
0
0
0
0
0
0
0
0
0
0
0
0
0
0
0
0
0
0
0
0
0
0
0
0
0
0
0
0
0
0
0
0
0
0
0
0
0
0
0
0
0
0
0
0
0
0
0
0
0
0
0
0
0
0
0
0
0
0
0
0
0
0
0
0
0
0
0
0
0
0
0
0
0
0
0
0
0
0
0
0
0
0
0
0
0
0
0
0
0
0
0
0
32766
32766
32766
32766
32766
32766
32766
32766
32766
32766
32766
32766
32766
32766
32766
32766
32766
32766
32766
32766
32766
32766
32766
32766
32766
32766
32766
32766
32766
32766
32766
32766
32766
32766
32766
32766
32766
32766
32766
32766
32766
32766
32766
32766
32766
32766
32766
32766
32766
32766
32766
32766
32766
32766
32766
32766
32766
32766
32766
32766
32766
32766
32766
32766
32766
32766
32766
32766
32766
32766
32766
32766
32766
32766
32766
32766
32766
32766
32766
32766
32766
32766
32766
32766
32766
32766
32766
32766
32766
32766
32766
32766
32766
32766
32766
32766
32766
32766
32766
32766
32766
32766
32766
32766
32766
32766
32766
32766
32766
32766
32766
32766
32766
32766
32766
32766
32766
32766
32766
32766
32766
32766
32766
32766
32766
32766
32766
32766
32766
32766
32766
32766
32766
32766
32766
32766
32766
32766
32766
32766
32766
32766
32766
32766
32766
32766
32766
32766
32766
32766
32766
32766
32766
32766
32766
32766
32766
32766
32766
32766
32766
32766
32766
32766
32766
32766
32766
32766
32766
32766
32766
32766
32766
32766
32766
32766
32766
32766
32766
32766
32766
32766
32766
32766
32766
32766
32766
32766
32766
32766
32766
32766
32766
32766
32766
32766
32766
32766
32766
32766
32766
32766
32766
32766
32766
32766
32766
32766
32766
32766
32766
32766
32766
32766
32766
32766
32766
32766
32766
32766
32766
32766
32766
32766
32766
32766
32766
32766
32766
32766
32766
32766
32766
32766
32766
32766
32766
32766
32766
32766
32766
32766
32766
32766
32766
32766
32766
32766
32766
32766
0
0
0
0
0
0
0
0
0
0
0
0
0
0
0
0
0
0
0
0
0
0
0
0
0
0
0
0
0
0
0
0
0
0
0
0
0
0
0
0
0
0
0
0
0
0
0
0
0
0
0
0
0
0
0
0
0
0
0
0
0
0
0
0
0
0
0
0
0
0
0
0
0
0
0
0
0
0
0
0
0
0
0
0
0
0
0
0
0
0
0
0
0
0
0
0
0
0
0
0
0
0
0
0
0
0
0
0
0
0
0
0
0
0
0
0
0
0
0
0
0
0
0
0
0
0
0
0
0
0
0
0
0
0
0
0
0
0
0
0
0
0
0
0
0
0
0
0
0
0
0
0
0
0
0
0
0
0
0
0
0
0
0
0
0
0
0
0
0
0
0
0
0
0
0
0
0
0
0
0
0
0
0
0
0
0
0
0
0
0
0
0
0
0
0
0
0
0
0
0
0
0
0
0
0
0
0
0
0
0
0
0
0
0
0
0
0
0
0
0
0
0
0
0
0
0
0
0
0
0
0
0
0
0
0
0
0
0
0
0
0
0
0
0
0
0
0
0
0
0
0
0
0
0
0
0
0
0
0
0
0
0
0
0
0
0
0
0
0
0
0
0
0
0
0
0
0
0
0
0
0
0
0
0
0
0
0
0
0
0
0
0
0
0
0
0
0
0
0
0
0
0
0
0
0
0
0
0
0
0
0
0
0
0
0
0
0
0
0
0
0
0
0
0
0
0
0
0
0
0
0
0
0
0
0
0
0
0
0
0
0
0
0
0
0
0
0
0
0
0
0
0
0
0
0
0
0
0
0
0
0
0
0
0
0
0
0
0
0
0
0
0
0
0
0
7534
7526
7520
7514
7508
7500
7494
7486
7480
7472
7466
7458
7450
7442
7434
7426
7418
7410
7402
7394
7386
7376
7368
7360
7350
7342
7332
7322
7314
7304
7294
7284
7274
7264
7254
7244
7234
7224
7214
7202
7192
7180
7170
7158
7148
7136
7124
7114
7102
7090
7078
7066
7054
7042
7030
7016
7004
6992
6980
6966
6954
6940
6928
6914
6900
6888
6874
6860
6846
6832
6818
6804
6790
6776
6762
6748
6732
6718
6704
6688
6674
6658
6644
6628
6614
6598
6582
6566
6552
6536
6520
6504
6488
6472
6456
6438
6422
6406
6390
6372
0
0
0
0
0
0
0
0
0
0
0
0
0
0
0
0
0
0
0
0
0
0
0
0
0
0
0
0
0
0
0
0
0
0
0
0
0
0
0
0
0
0
0
0
0
0
0
0
0
0
0
0
0
0
0
0
0
0
0
0
0
0
0
0
0
0
0
0
0
0
0
0
0
0
0
0
0
0
0
0
0
0
0
0
0
0
0
0
0
0
0
0
0
0
0
0
0
0
0
0
0
0
0
0
0
0
0
0
0
0
0
0
0
0
0
0
0
0
0
0
0
0
0
0
0
0
0
0
0
0
0
0
0
0
0
0
0
0
0
0
0
0
0
0
0
0
0
0
0
0
0
0
0
0
0
0
0
0
0
0
0
0
0
0
0
0
0
0
0
0
0
0
0
0
0
0
0
0
0
0
0
0
0
0
0
0
0
0
0
0
0
0
0
0
0
0
0
0
0
0
0
0
0
0
0
0
0
0
0
0
0
0
0
0
0
0
0
0
0
0
0
0
0
0
0
0
0
0
0
0
0
0
0
0
0
0
0
0
0
0
0
0
0
0
0
0
0
0
0
0
0
0
0
0
0
0
0
0
0
0
0
0
0
0
0
0
0
0
0
0
0
0
0
0
0
0
0
0
0
0
0
0
0
0
0
0
0
0
0
0
0
0
0
0
0
0
0
0
0
0
0
0
0
0
0
0
0
0
0
0
0
0
0
0
0
0
0
0
0
0
0
0
0
0
0
0
0
0
0
0
0
0
0
0
0
0
0
0
0
0
0
0
0
0
0
0
0
0
0
0
0
0
0
0
0
0
0
0
0
0
0
0
0
0
0
0
0
0
0
0
0
0
0
0
0
32766
32766
32766
32766
32766
32766
32766
32766
32766
32766
32766
32766
32766
32766
32766
32766
32766
32766
32766
32766
32766
32766
32766
32766
32766
32766
32766
32766
32766
32766
32766
32766
32766
32766
32766
32766
32766
32766
32766
32766
32766
32766
32766
32766
32766
32766
32766
32766
32766
32766
32766
32766
32766
32766
32766
32766
32766
32766
32766
32766
32766
32766
32766
32766
32766
32766
32766
32766
32766
32766
32766
32766
32766
32766
32766
32766
32766
32766
32766
32766
32766
32766
32766
32766
32766
32766
32766
32766
32766
32766
32766
32766
32766
32766
32766
32766
32766
32766
32766
32766
32766
32766
32766
32766
32766
32766
32766
32766
32766
32766
32766
32766
32766
32766
32766
32766
32766
32766
32766
32766
32766
32766
32766
32766
32766
32766
32766
32766
32766
32766
32766
32766
32766
32766
32766
32766
32766
32766
32766
32766
32766
32766
32766
32766
32766
32766
32766
32766
32766
32766
32766
32766
32766
32766
32766
32766
32766
32766
32766
32766
32766
32766
32766
32766
32766
32766
32766
32766
32766
32766
32766
32766
32766
32766
32766
32766
32766
32766
32766
32766
32766
32766
32766
32766
32766
32766
32766
32766
32766
32766
32766
32766
32766
32766
32766
32766
32766
32766
32766
32766
32766
32766
32766
32766
32766
32766
32766
32766
32766
32766
32766
32766
32766
32766
32766
32766
32766
32766
32766
32766
32766
32766
32766
32766
32766
32766
32766
32766
32766
32766
32766
32766
32766
32766
32766
32766
32766
32766
32766
32766
32766
32766
32766
32766
32766
32766
32766
32766
32766
32766
0
0
0
0
0
0
0
0
0
0
0
0
0
0
0
0
0
0
0
0
0
0
0
0
0
0
0
0
0
0
0
0
0
0
0
0
0
0
0
0
0
0
0
0
0
0
0
0
0
0
0
0
0
0
0
0
0
0
0
0
0
0
0
0
0
0
0
0
0
0
0
0
0
0
0
0
0
0
0
0
0
0
0
0
0
0
0
0
0
0
0
0
0
0
0
0
0
0
0
0
0
0
0
0
0
0
0
0
0
0
0
0
0
0
0
0
0
0
0
0
0
0
0
0
0
0
0
0
0
0
0
0
0
0
0
0
0
0
0
0
0
0
0
0
0
0
0
0
0
0
0
0
0
0
0
0
0
0
0
0
0
0
0
0
0
0
0
0
0
0
0
0
0
0
0
0
0
0
0
0
0
0
0
0
0
0
0
0
0
0
0
0
0
0
0
0
0
0
0
0
0
0
0
0
0
0
0
0
0
0
0
0
0
0
0
0
0
0
0
0
0
0
0
0
0
0
0
0
0
0
0
0
0
0
0
0
0
0
0
0
0
0
0
0
0
0
0
0
0
0
0
0
0
0
0
0
0
0
0
0
0
0
0
0
0
0
0
0
0
0
0
0
0
0
0
0
0
0
0
0
0
0
0
0
0
0
0
0
0
0
0
0
0
0
0
0
0
0
0
0
0
0
0
0
0
0
0
0
0
0
0
0
0
0
0
0
0
0
0
0
0
0
0
0
0
0
0
0
0
0
0
0
0
0
0
0
0
0
0
0
0
0
0
0
0
0
0
0
0
0
0
0
0
0
0
0
0
0
0
0
0
0
0
0
0
0
0
0
0
0
0
0
0
0
0
0
0
0
0
0
0
0
0
0
0
0
0
0
0
0
0
0
0
0
0
0
0
0
0
0
0
0
0
0
0
0
0
0
0
0
0
0
0
0
0
0
0
0
0
0
0
0
0
0
0
0
0
0
0
0
0
0
0
0
0
0
0
0
0
0
0
0
0
0
0
0
0
0
0
0
0
0
0
0
0
0
0
0
0
0
0
0
0
0
0
0
0
0
0
0
0
0
0
0
0
0
0
0
0
0
0
0
0
0
0
0
0
0
0
0
0
0
0
0
0
0
0
0
0
0
0
0
0
0
0
0
0
0
0
0
0
0
0
0
0
0
0
0
0
0
0
0
0
0
0
0
0
0
0
0
0
0
0
0
0
0
0
0
0
0
0
0
0
0
0
0
0
0
0
0
0
0
0
0
0
0
0
0
0
0
0
0
0
0
0
0
0
0
0
0
0
0
0
0
0
0
0
0
0
0
0
0
0
0
0
0
0
0
0
0
0
0
0
0
0
0
0
0
0
0
0
0
0
0
0
0
0
0
0
0
0
0
0
0
0
0
0
0
0
0
0
0
0
0
0
0
0
0
0
0
0
0
0
0
0
0
0
0
0
0
0
0
0
0
0
0
0
0
0
0
0
0
0
0
0
0
0
0
0
0
0
0
0
0
0
0
0
0
0
0
0
0
0
0
0
0
0
0
0
0
0
0
0
0
0
0
0
0
0
0
0
0
0
0
0
0
0
0
0
0
0
0
0
0
0
0
0
0
0
0
0
0
0
0
0
0
0
0
0
0
0
0
0
0
0
0
0
0
0
0
0
0
0
0
0
0
0
0
0
0
0
0
0
0
0
0
0
0
0
0
32766
32766
32766
32766
32766
32766
32766
32766
32766
32766
32766
32766
32766
32766
32766
32766
32766
32766
32766
32766
32766
32766
32766
32766
32766
32766
32766
32766
32766
32766
32766
32766
32766
32766
32766
32766
32766
32766
32766
32766
32766
32766
32766
32766
32766
32766
32766
32766
32766
32766
32766
32766
32766
32766
32766
32766
32766
32766
32766
32766
32766
32766
32766
32766
32766
32766
32766
32766
32766
32766
32766
32766
32766
32766
32766
32766
32766
32766
32766
32766
32766
32766
32766
32766
32766
32766
32766
32766
32766
32766
32766
32766
32766
32766
32766
32766
32766
32766
32766
32766
32766
32766
32766
32766
32766
32766
32766
32766
32766
32766
32766
32766
32766
32766
32766
32766
32766
32766
32766
32766
32766
32766
32766
32766
32766
32766
32766
32766
32766
32766
32766
32766
32766
32766
32766
32766
32766
32766
32766
32766
32766
32766
32766
32766
32766
32766
32766
32766
32766
32766
32766
32766
32766
32766
32766
32766
32766
32766
32766
32766
32766
32766
32766
32766
32766
32766
32766
32766
32766
32766
32766
32766
32766
32766
32766
32766
32766
32766
32766
32766
32766
32766
32766
32766
32766
32766
32766
32766
32766
32766
32766
32766
32766
32766
32766
32766
32766
32766
32766
32766
32766
32766
32766
32766
32766
32766
32766
32766
32766
32766
32766
32766
32766
32766
32766
32766
32766
32766
32766
32766
32766
32766
32766
32766
32766
32766
32766
32766
32766
32766
32766
32766
32766
32766
32766
32766
32766
32766
32766
32766
32766
32766
32766
32766
32766
32766
32766
32766
32766
32766
0
0
0
0
0
0
0
0
0
0
0
0
0
0
0
0
0
0
0
0
0
0
0
0
0
0
0
0
0
0
0
0
0
0
0
0
0
0
0
0
0
0
0
0
0
0
0
0
0
0
0
0
0
0
0
0
0
0
0
0
0
0
0
0
0
0
0
0
0
0
0
0
0
0
0
0
0
0
0
0
0
0
0
0
0
0
0
0
0
0
0
0
0
0
0
0
0
0
0
0
0
0
0
0
0
0
0
0
0
0
0
0
0
0
0
0
0
0
0
0
0
0
0
0
0
0
0
0
0
0
0
0
0
0
0
0
0
0
0
0
0
0
0
0
0
0
0
0
0
0
0
0
0
0
0
0
0
0
0
0
0
0
0
0
0
0
0
0
0
0
0
0
0
0
0
0
0
0
0
0
0
0
0
0
0
0
0
0
0
0
0
0
0
0
0
0
0
0
0
0
0
0
0
0
0
0
0
0
0
0
0
0
0
0
0
0
0
0
0
0
0
0
0
0
0
0
0
0
0
0
0
0
0
0
0
0
0
0
0
0
0
0
0
0
0
0
0
0
0
0
0
0
0
0
0
0
0
0
0
0
0
0
0
0
0
0
0
0
0
0
0
0
0
0
0
0
0
0
0
0
0
0
0
0
0
0
0
0
0
0
0
0
0
0
0
0
0
0
0
0
0
0
0
0
0
0
0
0
0
0
0
0
0
0
0
0
0
0
0
0
0
0
0
0
0
0
0
0
0
0
0
0
0
0
0
0
0
0
0
0
0
0
0
0
0
0
0
0
0
0
0
0
0
0
0
0
0
0
0
0
0
0
0
0
0
0
0
0
0
0
0
0
0
0
0
6356
6340
6322
6306
6288
6272
6254
6236
6220
6202
6184
6166
6148
6130
6112
6094
6076
6058
6040
6022
6004
5986
5966
5948
5930
5910
5892
5874
5854
5836
5816
5796
5778
5758
5738
5720
5700
5680
5660
5640
5622
5602
5582
5562
5542
5522
5500
5480
5460
5440
5420
5400
5378
5358
5338
5316
5296
5276
5254
5234
5212
5192
5170
5148
5128
5106
5086
5064
5042
5020
5000
4978
4956
4934
4912
4892
4870
4848
4826
4804
4782
4760
4738
4716
4694
4672
4648
4626
4604
4582
4560
4538
4514
4492
4470
4448
4424
4402
4380
4356
0
0
0
0
0
0
0
0
0
0
0
0
0
0
0
0
0
0
0
0
0
0
0
0
0
0
0
0
0
0
0
0
0
0
0
0
0
0
0
0
0
0
0
0
0
0
0
0
0
0
0
0
0
0
0
0
0
0
0
0
0
0
0
0
0
0
0
0
0
0
0
0
0
0
0
0
0
0
0
0
0
0
0
0
0
0
0
0
0
0
0
0
0
0
0
0
0
0
0
0
0
0
0
0
0
0
0
0
0
0
0
0
0
0
0
0
0
0
0
0
0
0
0
0
0
0
0
0
0
0
0
0
0
0
0
0
0
0
0
0
0
0
0
0
0
0
0
0
0
0
0
0
0
0
0
0
0
0
0
0
0
0
0
0
0
0
0
0
0
0
0
0
0
0
0
0
0
0
0
0
0
0
0
0
0
0
0
0
0
0
0
0
0
0
0
0
0
0
0
0
0
0
0
0
0
0
0
0
0
0
0
0
0
0
0
0
0
0
0
0
0
0
0
0
0
0
0
0
0
0
0
0
0
0
0
0
0
0
0
0
0
0
0
0
0
0
0
0
0
0
0
0
0
0
0
0
0
0
0
0
0
0
0
0
0
0
0
0
0
0
0
0
0
0
0
0
0
0
0
0
0
0
0
0
0
0
0
0
0
0
0
0
0
0
0
0
0
0
0
0
0
0
0
0
0
0
0
0
0
0
0
0
0
0
0
0
0
0
0
0
0
0
0
0
0
0
0
0
0
0
0
0
0
0
0
0
0
0
0
0
0
0
0
0
0
0
0
0
0
0
0
0
0
0
0
0
0
0
0
0
0
0
0
0
0
0
0
0
0
0
0
0
0
0
0
32766
32766
32766
32766
32766
32766
32766
32766
32766
32766
32766
32766
32766
32766
32766
32766
32766
32766
32766
32766
32766
32766
32766
32766
32766
32766
32766
32766
32766
32766
32766
32766
32766
32766
32766
32766
32766
32766
32766
32766
32766
32766
32766
32766
32766
32766
32766
32766
32766
32766
32766
32766
32766
32766
32766
32766
32766
32766
32766
32766
32766
32766
32766
32766
32766
32766
32766
32766
32766
32766
32766
32766
32766
32766
32766
32766
32766
32766
32766
32766
32766
32766
32766
32766
32766
32766
32766
32766
32766
32766
32766
32766
32766
32766
32766
32766
32766
32766
32766
32766
32766
32766
32766
32766
32766
32766
32766
32766
32766
32766
32766
32766
32766
32766
32766
32766
32766
32766
32766
32766
32766
32766
32766
32766
32766
32766
32766
32766
32766
32766
32766
32766
32766
32766
32766
32766
32766
32766
32766
32766
32766
32766
32766
32766
32766
32766
32766
32766
32766
32766
32766
32766
32766
32766
32766
32766
32766
32766
32766
32766
32766
32766
32766
32766
32766
32766
32766
32766
32766
32766
32766
32766
32766
32766
32766
32766
32766
32766
32766
32766
32766
32766
32766
32766
32766
32766
32766
32766
32766
32766
32766
32766
32766
32766
32766
32766
32766
32766
32766
32766
32766
32766
32766
32766
32766
32766
32766
32766
32766
32766
32766
32766
32766
32766
32766
32766
32766
32766
32766
32766
32766
32766
32766
32766
32766
32766
32766
32766
32766
32766
32766
32766
32766
32766
32766
32766
32766
32766
32766
32766
32766
32766
32766
32766
32766
32766
32766
32766
32766
32766
0
0
0
0
0
0
0
0
0
0
0
0
0
0
0
0
0
0
0
0
0
0
0
0
0
0
0
0
0
0
0
0
0
0
0
0
0
0
0
0
0
0
0
0
0
0
0
0
0
0
0
0
0
0
0
0
0
0
0
0
0
0
0
0
0
0
0
0
0
0
0
0
0
0
0
0
0
0
0
0
0
0
0
0
0
0
0
0
0
0
0
0
0
0
0
0
0
0
0
0
0
0
0
0
0
0
0
0
0
0
0
0
0
0
0
0
0
0
0
0
0
0
0
0
0
0
0
0
0
0
0
0
0
0
0
0
0
0
0
0
0
0
0
0
0
0
0
0
0
0
0
0
0
0
0
0
0
0
0
0
0
0
0
0
0
0
0
0
0
0
0
0
0
0
0
0
0
0
0
0
0
0
0
0
0
0
0
0
0
0
0
0
0
0
0
0
0
0
0
0
0
0
0
0
0
0
0
0
0
0
0
0
0
0
0
0
0
0
0
0
0
0
0
0
0
0
0
0
0
0
0
0
0
0
0
0
0
0
0
0
0
0
0
0
0
0
0
0
0
0
0
0
0
0
0
0
0
0
0
0
0
0
0
0
0
0
0
0
0
0
0
0
0
0
0
0
0
0
0
0
0
0
0
0
0
0
0
0
0
0
0
0
0
0
0
0
0
0
0
0
0
0
0
0
0
0
0
0
0
0
0
0
0
0
0
0
0
0
0
0
0
0
0
0
0
0
0
0
0
0
0
0
0
0
0
0
0
0
0
0
0
0
0
0
0
0
0
0
0
0
0
0
0
0
0
0
0
0
0
0
0
0
0
0
0
0
0
0
0
0
0
0
0
0
0
0
0
0
0
0
0
0
0
0
0
0
0
0
0
0
0
0
0
0
0
0
0
0
0
0
0
0
0
0
0
0
0
0
0
0
0
0
0
0
0
0
0
0
0
0
0
0
0
0
0
0
0
0
0
0
0
0
0
0
0
0
0
0
0
0
0
0
0
0
0
0
0
0
0
0
0
0
0
0
0
0
0
0
0
0
0
0
0
0
0
0
0
0
0
0
0
0
0
0
0
0
0
0
0
0
0
0
0
0
0
0
0
0
0
0
0
0
0
0
0
0
0
0
0
0
0
0
0
0
0
0
0
0
0
0
0
0
0
0
0
0
0
0
0
0
0
0
0
0
0
0
0
0
0
0
0
0
0
0
0
0
0
0
0
0
0
0
0
0
0
0
0
0
0
0
0
0
0
0
0
0
0
0
0
0
0
0
0
0
0
0
0
0
0
0
0
0
0
0
0
0
0
0
0
0
0
0
0
0
0
0
0
0
0
0
0
0
0
0
0
0
0
0
0
0
0
0
0
0
0
0
0
0
0
0
0
0
0
0
0
0
0
0
0
0
0
0
0
0
0
0
0
0
0
0
0
0
0
0
0
0
0
0
0
0
0
0
0
0
0
0
0
0
0
0
0
0
0
0
0
0
0
0
0
0
0
0
0
0
0
0
0
0
0
0
0
0
0
0
0
0
0
0
0
0
0
0
0
0
0
0
0
0
0
0
0
0
0
0
0
0
0
0
0
0
0
0
0
0
0
0
0
0
0
0
0
0
0
0
0
0
0
0
0
0
0
0
0
0
0
0
0
0
0
0
0
0
0
0
0
0
0
0
0
0
0
0
0
0
0
0
0
0
0
0
32766
32766
32766
32766
32766
32766
32766
32766
32766
32766
32766
32766
32766
32766
32766
32766
32766
32766
32766
32766
32766
32766
32766
32766
32766
32766
32766
32766
32766
32766
32766
32766
32766
32766
32766
32766
32766
32766
32766
32766
32766
32766
32766
32766
32766
32766
32766
32766
32766
32766
32766
32766
32766
32766
32766
32766
32766
32766
32766
32766
32766
32766
32766
32766
32766
32766
32766
32766
32766
32766
32766
32766
32766
32766
32766
32766
32766
32766
32766
32766
32766
32766
32766
32766
32766
32766
32766
32766
32766
32766
32766
32766
32766
32766
32766
32766
32766
32766
32766
32766
32766
32766
32766
32766
32766
32766
32766
32766
32766
32766
32766
32766
32766
32766
32766
32766
32766
32766
32766
32766
32766
32766
32766
32766
32766
32766
32766
32766
32766
32766
32766
32766
32766
32766
32766
32766
32766
32766
32766
32766
32766
32766
32766
32766
32766
32766
32766
32766
32766
32766
32766
32766
32766
32766
32766
32766
32766
32766
32766
32766
32766
32766
32766
32766
32766
32766
32766
32766
32766
32766
32766
32766
32766
32766
32766
32766
32766
32766
32766
32766
32766
32766
32766
32766
32766
32766
32766
32766
32766
32766
32766
32766
32766
32766
32766
32766
32766
32766
32766
32766
32766
32766
32766
32766
32766
32766
32766
32766
32766
32766
32766
32766
32766
32766
32766
32766
32766
32766
32766
32766
32766
32766
32766
32766
32766
32766
32766
32766
32766
32766
32766
32766
32766
32766
32766
32766
32766
32766
32766
32766
32766
32766
32766
32766
32766
32766
32766
32766
32766
32766
0
0
0
0
0
0
0
0
0
0
0
0
0
0
0
0
0
0
0
0
0
0
0
0
0
0
0
0
0
0
0
0
0
0
0
0
0
0
0
0
0
0
0
0
0
0
0
0
0
0
0
0
0
0
0
0
0
0
0
0
0
0
0
0
0
0
0
0
0
0
0
0
0
0
0
0
0
0
0
0
0
0
0
0
0
0
0
0
0
0
0
0
0
0
0
0
0
0
0
0
0
0
0
0
0
0
0
0
0
0
0
0
0
0
0
0
0
0
0
0
0
0
0
0
0
0
0
0
0
0
0
0
0
0
0
0
0
0
0
0
0
0
0
0
0
0
0
0
0
0
0
0
0
0
0
0
0
0
0
0
0
0
0
0
0
0
0
0
0
0
0
0
0
0
0
0
0
0
0
0
0
0
0
0
0
0
0
0
0
0
0
0
0
0
0
0
0
0
0
0
0
0
0
0
0
0
0
0
0
0
0
0
0
0
0
0
0
0
0
0
0
0
0
0
0
0
0
0
0
0
0
0
0
0
0
0
0
0
0
0
0
0
0
0
0
0
0
0
0
0
0
0
0
0
0
0
0
0
0
0
0
0
0
0
0
0
0
0
0
0
0
0
0
0
0
0
0
0
0
0
0
0
0
0
0
0
0
0
0
0
0
0
0
0
0
0
0
0
0
0
0
0
0
0
0
0
0
0
0
0
0
0
0
0
0
0
0
0
0
0
0
0
0
0
0
0
0
0
0
0
0
0
0
0
0
0
0
0
0
0
0
0
0
0
0
0
0
0
0
0
0
0
0
0
0
0
0
0
0
0
0
0
0
0
0
0
0
0
0
0
0
0
0
0
0
4334
4312
4288
4266
4244
4220
4198
4174
4152
4128
4106
4082
4060
4036
4014
3990
3968
3944
3922
3898
3874
3852
3828
3806
3782
3758
3736
3712
3690
3666
3642
3620
3596
3572
3550
3526
3502
3478
3456
3432
3408
3386
3362
3338
3316
3292
3268
3244
3222
3198
3174
3152
3128
3104
3080
3058
3034
3010
2988
2964
2940
2918
2894
2870
2848
2824
2800
2778
2754
2730
2708
2684
2660
2638
2614
2592
2568
2544
2522
2498
2476
2452
2430
2406
2384
2360
2338
2314
2292
2268
2246
2222
2200
2176
2154
2132
2108
2086
2064
2040
0
0
0
0
0
0
0
0
0
0
0
0
0
0
0
0
0
0
0
0
0
0
0
0
0
0
0
0
0
0
0
0
0
0
0
0
0
0
0
0
0
0
0
0
0
0
0
0
0
0
0
0
0
0
0
0
0
0
0
0
0
0
0
0
0
0
0
0
0
0
0
0
0
0
0
0
0
0
0
0
0
0
0
0
0
0
0
0
0
0
0
0
0
0
0
0
0
0
0
0
0
0
0
0
0
0
0
0
0
0
0
0
0
0
0
0
0
0
0
0
0
0
0
0
0
0
0
0
0
0
0
0
0
0
0
0
0
0
0
0
0
0
0
0
0
0
0
0
0
0
0
0
0
0
0
0
0
0
0
0
0
0
0
0
0
0
0
0
0
0
0
0
0
0
0
0
0
0
0
0
0
0
0
0
0
0
0
0
0
0
0
0
0
0
0
0
0
0
0
0
0
0
0
0
0
0
0
0
0
0
0
0
0
0
0
0
0
0
0
0
0
0
0
0
0
0
0
0
0
0
0
0
0
0
0
0
0
0
0
0
0
0
0
0
0
0
0
0
0
0
0
0
0
0
0
0
0
0
0
0
0
0
0
0
0
0
0
0
0
0
0
0
0
0
0
0
0
0
0
0
0
0
0
0
0
0
0
0
0
0
0
0
0
0
0
0
0
0
0
0
0
0
0
0
0
0
0
0
0
0
0
0
0
0
0
0
0
0
0
0
0
0
0
0
0
0
0
0
0
0
0
0
0
0
0
0
0
0
0
0
0
0
0
0
0
0
0
0
0
0
0
0
0
0
0
0
0
0
0
0
0
0
0
0
0
0
0
0
0
0
0
0
0
0
0
32766
32766
32766
32766
32766
32766
32766
32766
32766
32766
32766
32766
32766
32766
32766
32766
32766
32766
32766
32766
32766
32766
32766
32766
32766
32766
32766
32766
32766
32766
32766
32766
32766
32766
32766
32766
32766
32766
32766
32766
32766
32766
32766
32766
32766
32766
32766
32766
32766
32766
32766
32766
32766
32766
32766
32766
32766
32766
32766
32766
32766
32766
32766
32766
32766
32766
32766
32766
32766
32766
32766
32766
32766
32766
32766
32766
32766
32766
32766
32766
32766
32766
32766
32766
32766
32766
32766
32766
32766
32766
32766
32766
32766
32766
32766
32766
32766
32766
32766
32766
32766
32766
32766
32766
32766
32766
32766
32766
32766
32766
32766
32766
32766
32766
32766
32766
32766
32766
32766
32766
32766
32766
32766
32766
32766
32766
32766
32766
32766
32766
32766
32766
32766
32766
32766
32766
32766
32766
32766
32766
32766
32766
32766
32766
32766
32766
32766
32766
32766
32766
32766
32766
32766
32766
32766
32766
32766
32766
32766
32766
32766
32766
32766
32766
32766
32766
32766
32766
32766
32766
32766
32766
32766
32766
32766
32766
32766
32766
32766
32766
32766
32766
32766
32766
32766
32766
32766
32766
32766
32766
32766
32766
32766
32766
32766
32766
32766
32766
32766
32766
32766
32766
32766
32766
32766
32766
32766
32766
32766
32766
32766
32766
32766
32766
32766
32766
32766
32766
32766
32766
32766
32766
32766
32766
32766
32766
32766
32766
32766
32766
32766
32766
32766
32766
32766
32766
32766
32766
32766
32766
32766
32766
32766
32766
32766
32766
32766
32766
32766
32766
0
0
0
0
0
0
0
0
0
0
0
0
0
0
0
0
0
0
0
0
0
0
0
0
0
0
0
0
0
0
0
0
0
0
0
0
0
0
0
0
0
0
0
0
0
0
0
0
0
0
0
0
0
0
0
0
0
0
0
0
0
0
0
0
0
0
0
0
0
0
0
0
0
0
0
0
0
0
0
0
0
0
0
0
0
0
0
0
0
0
0
0
0
0
0
0
0
0
0
0
0
0
0
0
0
0
0
0
0
0
0
0
0
0
0
0
0
0
0
0
0
0
0
0
0
0
0
0
0
0
0
0
0
0
0
0
0
0
0
0
0
0
0
0
0
0
0
0
0
0
0
0
0
0
0
0
0
0
0
0
0
0
0
0
0
0
0
0
0
0
0
0
0
0
0
0
0
0
0
0
0
0
0
0
0
0
0
0
0
0
0
0
0
0
0
0
0
0
0
0
0
0
0
0
0
0
0
0
0
0
0
0
0
0
0
0
0
0
0
0
0
0
0
0
0
0
0
0
0
0
0
0
0
0
0
0
0
0
0
0
0
0
0
0
0
0
0
0
0
0
0
0
0
0
0
0
0
0
0
0
0
0
0
0
0
0
0
0
0
0
0
0
0
0
0
0
0
0
0
0
0
0
0
0
0
0
0
0
0
0
0
0
0
0
0
0
0
0
0
0
0
0
0
0
0
0
0
0
0
0
0
0
0
0
0
0
0
0
0
0
0
0
0
0
0
0
0
0
0
0
0
0
0
0
0
0
0
0
0
0
0
0
0
0
0
0
0
0
0
0
0
0
0
0
0
0
0
0
0
0
0
0
0
0
0
0
0
0
0
0
0
0
0
0
0
0
0
0
0
0
0
0
0
0
0
0
0
0
0
0
0
0
0
0
0
0
0
0
0
0
0
0
0
0
0
0
0
0
0
0
0
0
0
0
0
0
0
0
0
0
0
0
0
0
0
0
0
0
0
0
0
0
0
0
0
0
0
0
0
0
0
0
0
0
0
0
0
0
0
0
0
0
0
0
0
0
0
0
0
0
0
0
0
0
0
0
0
0
0
0
0
0
0
0
0
0
0
0
0
0
0
0
0
0
0
0
0
0
0
0
0
0
0
0
0
0
0
0
0
0
0
0
0
0
0
0
0
0
0
0
0
0
0
0
0
0
0
0
0
0
0
0
0
0
0
0
0
0
0
0
0
0
0
0
0
0
0
0
0
0
0
0
0
0
0
0
0
0
0
0
0
0
0
0
0
0
0
0
0
0
0
0
0
0
0
0
0
0
0
0
0
0
0
0
0
0
0
0
0
0
0
0
0
0
0
0
0
0
0
0
0
0
0
0
0
0
0
0
0
0
0
0
0
0
0
0
0
0
0
0
0
0
0
0
0
0
0
0
0
0
0
0
0
0
0
0
0
0
0
0
0
0
0
0
0
0
0
0
0
0
0
0
0
0
0
0
0
0
0
0
0
0
0
0
0
0
0
0
0
0
0
0
0
0
0
0
0
0
0
0
0
0
0
0
0
0
0
0
0
0
0
0
0
0
0
0
0
0
0
0
0
0
0
0
0
0
0
0
0
0
0
0
0
0
0
0
0
0
0
0
0
0
0
0
0
0
0
0
0
0
0
0
0
0
0
0
0
0
0
0
0
0
0
0
0
0
0
0
0
0
0
0
0
0
0
0
0
0
0
0
32766
32766
32766
32766
32766
32766
32766
32766
32766
32766
32766
32766
32766
32766
32766
32766
32766
32766
32766
32766
32766
32766
32766
32766
32766
32766
32766
32766
32766
32766
32766
32766
32766
32766
32766
32766
32766
32766
32766
32766
32766
32766
32766
32766
32766
32766
32766
32766
32766
32766
32766
32766
32766
32766
32766
32766
32766
32766
32766
32766
32766
32766
32766
32766
32766
32766
32766
32766
32766
32766
32766
32766
32766
32766
32766
32766
32766
32766
32766
32766
32766
32766
32766
32766
32766
32766
32766
32766
32766
32766
32766
32766
32766
32766
32766
32766
32766
32766
32766
32766
32766
32766
32766
32766
32766
32766
32766
32766
32766
32766
32766
32766
32766
32766
32766
32766
32766
32766
32766
32766
32766
32766
32766
32766
32766
32766
32766
32766
32766
32766
32766
32766
32766
32766
32766
32766
32766
32766
32766
32766
32766
32766
32766
32766
32766
32766
32766
32766
32766
32766
32766
32766
32766
32766
32766
32766
32766
32766
32766
32766
32766
32766
32766
32766
32766
32766
32766
32766
32766
32766
32766
32766
32766
32766
32766
32766
32766
32766
32766
32766
32766
32766
32766
32766
32766
32766
32766
32766
32766
32766
32766
32766
32766
32766
32766
32766
32766
32766
32766
32766
32766
32766
32766
32766
32766
32766
32766
32766
32766
32766
32766
32766
32766
32766
32766
32766
32766
32766
32766
32766
32766
32766
32766
32766
32766
32766
32766
32766
32766
32766
32766
32766
32766
32766
32766
32766
32766
32766
32766
32766
32766
32766
32766
32766
32766
32766
32766
32766
32766
32766
0
0
0
0
0
0
0
0
0
0
0
0
0
0
0
0
0
0
0
0
0
0
0
0
0
0
0
0
0
0
0
0
0
0
0
0
0
0
0
0
0
0
0
0
0
0
0
0
0
0
0
0
0
0
0
0
0
0
0
0
0
0
0
0
0
0
0
0
0
0
0
0
0
0
0
0
0
0
0
0
0
0
0
0
0
0
0
0
0
0
0
0
0
0
0
0
0
0
0
0
0
0
0
0
0
0
0
0
0
0
0
0
0
0
0
0
0
0
0
0
0
0
0
0
0
0
0
0
0
0
0
0
0
0
0
0
0
0
0
0
0
0
0
0
0
0
0
0
0
0
0
0
0
0
0
0
0
0
0
0
0
0
0
0
0
0
0
0
0
0
0
0
0
0
0
0
0
0
0
0
0
0
0
0
0
0
0
0
0
0
0
0
0
0
0
0
0
0
0
0
0
0
0
0
0
0
0
0
0
0
0
0
0
0
0
0
0
0
0
0
0
0
0
0
0
0
0
0
0
0
0
0
0
0
0
0
0
0
0
0
0
0
0
0
0
0
0
0
0
0
0
0
0
0
0
0
0
0
0
0
0
0
0
0
0
0
0
0
0
0
0
0
0
0
0
0
0
0
0
0
0
0
0
0
0
0
0
0
0
0
0
0
0
0
0
0
0
0
0
0
0
0
0
0
0
0
0
0
0
0
0
0
0
0
0
0
0
0
0
0
0
0
0
0
0
0
0
0
0
0
0
0
0
0
0
0
0
0
0
0
0
0
0
0
0
0
0
0
0
0
0
0
0
0
0
0
0
0
0
0
0
0
0
0
0
0
0
0
0
0
0
0
0
0
0
2018
1996
1972
1950
1928
1906
1882
1860
1838
1816
1794
1772
1748
1726
1704
1682
1660
1638
1616
1594
1572
1550
1528
1506
1486
1464
1442
1420
1398
1378
1356
1334
1312
1292
1270
1250
1228
1206
1186
1164
1144
1122
1102
1082
1060
1040
1020
998
978
958
936
916
896
876
856
836
816
796
776
756
736
716
696
676
656
638
618
598
580
560
540
522
502
484
464
446
426
408
390
370
352
334
316
296
278
260
242
224
206
188
170
152
134
118
100
82
64
48
30
12
0
0
0
0
0
0
0
0
0
0
0
0
0
0
0
0
0
0
0
0
0
0
0
0
0
0
0
0
0
0
0
0
0
0
0
0
0
0
0
0
0
0
0
0
0
0
0
0
0
0
0
0
0
0
0
0
0
0
0
0
0
0
0
0
0
0
0
0
0
0
0
0
0
0
0
0
0
0
0
0
0
0
0
0
0
0
0
0
0
0
0
0
0
0
0
0
0
0
0
0
0
0
0
0
0
0
0
0
0
0
0
0
0
0
0
0
0
0
0
0
0
0
0
0
0
0
0
0
0
0
0
0
0
0
0
0
0
0
0
0
0
0
0
0
0
0
0
0
0
0
0
0
0
0
0
0
0
0
0
0
0
0
0
0
0
0
0
0
0
0
0
0
0
0
0
0
0
0
0
0
0
0
0
0
0
0
0
0
0
0
0
0
0
0
0
0
0
0
0
0
0
0
0
0
0
0
0
0
0
0
0
0
0
0
0
0
0
0
0
0
0
0
0
0
0
0
0
0
0
0
0
0
0
0
0
0
0
0
0
0
0
0
0
0
0
0
0
0
0
0
0
0
0
0
0
0
0
0
0
0
0
0
0
0
0
0
0
0
0
0
0
0
0
0
0
0
0
0
0
0
0
0
0
0
0
0
0
0
0
0
0
0
0
0
0
0
0
0
0
0
0
0
0
0
0
0
0
0
0
0
0
0
0
0
0
0
0
0
0
0
0
0
0
0
0
0
0
0
0
0
0
0
0
0
0
0
0
0
0
0
0
0
0
0
0
0
0
0
0
0
0
0
0
0
0
0
0
0
0
0
0
0
0
0
0
0
0
0
0
0
0
0
0
0
0
0
0
0
0
0
0
0
0
0
0
0
0
0
0
0
0
0
0
0
0
0
0
0
0
0
0
0
0
0
0
0
0
0
0
0
0
0
0
0
0
0
0
0
0
0
0
0
0
0
0
0
0
0
0
0
0
0
0
0
0
0
0
0
0
0
0
0
0
0
0
0
0
0
0
0
0
0
0
0
0
0
0
0
0
0
0
0
0
0
0
0
0
0
0
0
0
0
0
0
0
0
0
0
0
0
0
0
0
0
0
0
0
0
0
0
0
0
0
0
0
0
0
0
0
0
0
0
0
0
0
0
0
0
0
0
0
0
0
0
0
0
0
0
0
0
0
0
0
0
0
0
0
0
0
0
0
0
0
0
0
0
0
0
0
0
0
0
0
0
0
0
0
0
0
0
0
0
0
0
0
0
0
0
0
0
0
0
0
0
0
0
0
0
0
0
0
0
0
0
0
0
0
0
0
0
0
0
0
0
0
0
0
0
0
0
0
0
0
0
0
0
0
0
0
0
0
0
0
0
0
0
0
0
0
0
0
0
0
0
0
0
0
0
0
0
0
0
0
0
0
0
0
0
0
0
0
0
0
0
0
0
0
0
0
0
0
0
0
0
0
0
0
0
0
0
