-15452
-15450
-15450
-15446
-15444
-15438
-15434
-15428
-15420
-15412
-15402
-15392
-15380
-15368
-15354
-15340
-15324
-15308
-15290
-15272
-15252
-15232
-15210
-15188
-15164
-15140
-15114
-15088
-15060
-15032
-15002
-14972
-14940
-14906
-14874
-14838
-14802
-14766
-14728
-14688
-14648
-14608
-14566
-14522
-14478
-14432
-14386
-14338
-14290
-14240
-14190
-14138
-14084
-14030
-13976
-13918
-13862
-13802
-13744
-13682
-13620
-13558
-13494
-13428
-13362
-13294
-13224
-13154
-13082
-13010
-12936
-12862
-12786
-12708
-12630
-12550
-12468
-12386
-12302
-12218
-12132
-12044
-11956
-11866
-11774
-11682
-11588
-11492
-11396
-11298
-11198
-11098
-10996
-10892
-10786
-10680
-10572
-10462
-10352
-10240
-10126
-10010
-9894
-9774
-9656
-9534
-9410
-9286
-9160
-9032
-8902
-8770
-8638
-8504
-8366
-8228
-8088
-7948
-7804
-7658
-7512
-7364
-7212
-7060
-6906
-6748
-6590
-6430
-6268
-6102
-5936
-5768
-5596
-5424
-5248
-5072
-4892
-4710
-4526
-4340
-4150
-3960
-3766
-3570
-3370
-3170
-2966
-2760
-2550
-2338
-2124
-1906
-1686
-1462
-1236
-1006
-774
-538
-300
-58
188
436
690
944
1204
1468
1734
2004
2280
2558
2840
3126
3418
3714
4012
4318
4626
4940
5260
5582
5912
6246
6586
6932
7282
7640
8002
8372
8748
9130
9520
9916
10320
10730
11150
11576
12012
12454
12908
13368
13840
14322
14812
15314
15828
16352
16890
17438
18002
18578
19168
19774
20394
21032
21688
22362
23054
23768
24502
25260
26042
26850
27684
28548
29444
30374
31338
32344
-32142
-31048
-29906
-28708
-27452
-26128
-24730
-23252
-21680
-20004
-18208
-16276
-14184
-11904
-9400
-6620
-3498
60
4200
9144
15284
0
0
0
0
0
0
0
0
0
0
0
0
0
0
0
0
0
0
0
0
0
0
0
0
0
0
0
0
0
0
0
0
0
0
0
0
0
0
0
0
0
0
0
0
0
0
0
0
0
0
0
0
0
0
0
0
0
0
0
0
0
0
0
0
0
0
0
0
0
0
0
0
0
0
0
0
0
0
0
0
0
0
0
0
0
0
0
0
0
0
0
0
0
0
0
0
0
0
0
0
0
0
0
0
0
0
0
0
0
0
0
0
0
0
0
0
0
0
0
0
0
0
0
0
0
0
0
15284
9144
4200
60
-3498
-6620
-9400
-11904
-14184
-16276
-18208
-20004
-21680
-23252
-24730
-26128
-27452
-28708
-29906
-31048
-32142
32344
31338
30374
29444
28548
27684
26850
26042
25260
24502
23768
23054
22362
21688
21032
20394
19774
19168
18578
18002
17438
16890
16352
15828
15314
14812
14322
13840
13368
12908
12454
12012
11576
11150
10730
10320
9916
9520
9130
8748
8372
8002
7640
7282
6932
6586
6246
5912
5582
5260
4940
4626
4318
4012
3714
3418
3126
2840
2558
2280
2004
1734
1468
1204
944
690
436
188
-58
-300
-538
-774
-1006
-1236
-1462
-1686
-1906
-2124
-2338
-2550
-2760
-2966
-3170
-3370
-3570
-3766
-3960
-4150
-4340
-4526
-4710
-4892
-5072
-5248
-5424
-5596
-5768
-5936
-6102
-6268
-6430
-6590
-6748
-6906
-7060
-7212
-7364
-7512
-7658
-7804
-7948
-8088
-8228
-8366
-8504
-8638
-8770
-8902
-9032
-9160
-9286
-9410
-9534
-9656
-9774
-9894
-10010
-10126
-10240
-10352
-10462
-10572
-10680
-10786
-10892
-10996
-11098
-11198
-11298
-11396
-11492
-11588
-11682
-11774
-11866
-11956
-12044
-12132
-12218
-12302
-12386
-12468
-12550
-12630
-12708
-12786
-12862
-12936
-13010
-13082
-13154
-13224
-13294
-13362
-13428
-13494
-13558
-13620
-13682
-13744
-13802
-13862
-13918
-13976
-14030
-14084
-14138
-14190
-14240
-14290
-14338
-14386
-14432
-14478
-14522
-14566
-14608
-14648
-14688
-14728
-14766
-14802
-14838
-14874
-14906
-14940
-14972
-15002
-15032
-15060
-15088
-15114
-15140
-15164
-15188
-15210
-15232
-15252
-15272
-15290
-15308
-15324
-15340
-15354
-15368
-15380
-15392
-15402
-15412
-15420
-15428
-15434
-15438
-15444
-15446
-15450
-15450
-15452
-15452
-15450
-15450
-15446
-15444
-15438
-15434
-15428
-15420
-15412
-15402
-15392
-15380
-15368
-15354
-15340
-15324
-15308
-15290
-15272
-15252
-15232
-15210
-15188
-15164
-15140
-15114
-15088
-15060
-15032
-15002
-14972
-14940
-14906
-14874
-14838
-14802
-14766
-14728
-14688
-14648
-14608
-14566
-14522
-14478
-14432
-14386
-14338
-14290
-14240
-14190
-14138
-14084
-14030
-13976
-13918
-13862
-13802
-13744
-13682
-13620
-13558
-13494
-13428
-13362
-13294
-13224
-13154
-13082
-13010
-12936
-12862
-12786
-12708
-12630
-12550
-12468
-12386
-12302
-12218
-12132
-12044
-11956
-11866
-11774
-11682
-11588
-11492
-11396
-11298
-11198
-11098
-10996
-10892
-10786
-10680
-10572
-10462
-10352
-10240
-10126
-10010
-9894
-9774
-9656
-9534
-9410
-9286
-9160
-9032
-8902
-8770
-8638
-8504
-8366
-8228
-8088
-7948
-7804
-7658
-7512
-7364
-7212
-7060
-6906
-6748
-6590
-6430
-6268
-6102
-5936
-5768
-5596
-5424
-5248
-5072
-4892
-4710
-4526
-4340
-4150
-3960
-3766
-3570
-3370
-3170
-2966
-2760
-2550
-2338
-2124
-1906
-1686
-1462
-1236
-1006
-774
-538
-300
-58
188
436
690
944
1204
1468
1734
2004
2280
2558
2840
3126
3418
3714
4012
4318
4626
4940
5260
5582
5912
6246
6586
6932
7282
7640
8002
8372
8748
9130
9520
9916
10320
10730
11150
11576
12012
12454
12908
13368
13840
14322
14812
15314
15828
16352
16890
17438
18002
18578
19168
19774
20394
21032
21688
22362
23054
23768
24502
25260
26042
26850
27684
28548
29444
30374
31338
32344
-32142
-31048
-29906
-28708
-27452
-26128
-24730
-23252
-21680
-20004
-18208
-16276
-14184
-11904
-9400
-6620
-3498
60
4200
9144
15284
0
0
0
0
0
0
0
0
0
0
0
0
0
0
0
0
0
0
0
0
0
0
0
0
0
0
0
0
0
0
0
0
0
0
0
0
0
0
0
0
0
0
0
0
0
0
0
0
0
0
0
0
0
0
0
0
0
0
0
0
0
0
0
0
0
0
0
0
0
0
0
0
0
0
0
0
0
0
0
0
0
0
0
0
0
0
0
0
0
0
0
0
0
0
0
0
0
0
0
0
0
0
0
0
0
0
0
0
0
0
0
0
0
0
0
0
0
0
0
0
0
0
0
0
0
0
0
15284
9144
4200
60
-3498
-6620
-9400
-11904
-14184
-16276
-18208
-20004
-21680
-23252
-24730
-26128
-27452
-28708
-29906
-31048
-32142
32344
31338
30374
29444
28548
27684
26850
26042
25260
24502
23768
23054
22362
21688
21032
20394
19774
19168
18578
18002
17438
16890
16352
15828
15314
14812
14322
13840
13368
12908
12454
12012
11576
11150
10730
10320
9916
9520
9130
8748
8372
8002
7640
7282
6932
6586
6246
5912
5582
5260
4940
4626
4318
4012
3714
3418
3126
2840
2558
2280
2004
1734
1468
1204
944
690
436
188
-58
-300
-538
-774
-1006
-1236
-1462
-1686
-1906
-2124
-2338
-2550
-2760
-2966
-3170
-3370
-3570
-3766
-3960
-4150
-4340
-4526
-4710
-4892
-5072
-5248
-5424
-5596
-5768
-5936
-6102
-6268
-6430
-6590
-6748
-6906
-7060
-7212
-7364
-7512
-7658
-7804
-7948
-8088
-8228
-8366
-8504
-8638
-8770
-8902
-9032
-9160
-9286
-9410
-9534
-9656
-9774
-9894
-10010
-10126
-10240
-10352
-10462
-10572
-10680
-10786
-10892
-10996
-11098
-11198
-11298
-11396
-11492
-11588
-11682
-11774
-11866
-11956
-12044
-12132
-12218
-12302
-12386
-12468
-12550
-12630
-12708
-12786
-12862
-12936
-13010
-13082
-13154
-13224
-13294
-13362
-13428
-13494
-13558
-13620
-13682
-13744
-13802
-13862
-13918
-13976
-14030
-14084
-14138
-14190
-14240
-14290
-14338
-14386
-14432
-14478
-14522
-14566
-14608
-14648
-14688
-14728
-14766
-14802
-14838
-14874
-14906
-14940
-14972
-15002
-15032
-15060
-15088
-15114
-15140
-15164
-15188
-15210
-15232
-15252
-15272
-15290
-15308
-15324
-15340
-15354
-15368
-15380
-15392
-15402
-15412
-15420
-15428
-15434
-15438
-15444
-15446
-15450
-15450
-15452
-15452
-15450
-15450
-15446
-15444
-15438
-15434
-15428
-15420
-15412
-15402
-15392
-15380
-15368
-15354
-15340
-15324
-15308
-15290
-15272
-15252
-15232
-15210
-15188
-15164
-15140
-15114
-15088
-15060
-15032
-15002
-14972
-14940
-14906
-14874
-14838
-14802
-14766
-14728
-14688
-14648
-14608
-14566
-14522
-14478
-14432
-14386
-14338
-14290
-14240
-14190
-14138
-14084
-14030
-13976
-13918
-13862
-13802
-13744
-13682
-13620
-13558
-13494
-13428
-13362
-13294
-13224
-13154
-13082
-13010
-12936
-12862
-12786
-12708
-12630
-12550
-12468
-12386
-12302
-12218
-12132
-12044
-11956
-11866
-11774
-11682
-11588
-11492
-11396
-11298
-11198
-11098
-10996
-10892
-10786
-10680
-10572
-10462
-10352
-10240
-10126
-10010
-9894
-9774
-9656
-9534
-9410
-9286
-9160
-9032
-8902
-8770
-8638
-8504
-8366
-8228
-8088
-7948
-7804
-7658
-7512
-7364
-7212
-7060
-6906
-6748
-6590
-6430
-6268
-6102
-5936
-5768
-5596
-5424
-5248
-5072
-4892
-4710
-4526
-4340
-4150
-3960
-3766
-3570
-3370
-3170
-2966
-2760
-2550
-2338
-2124
-1906
-1686
-1462
-1236
-1006
-774
-538
-300
-58
188
436
690
944
1204
1468
1734
2004
2280
2558
2840
3126
3418
3714
4012
4318
4626
4940
5260
5582
5912
6246
6586
6932
7282
7640
8002
8372
8748
9130
9520
9916
10320
10730
11150
11576
12012
12454
12908
13368
13840
14322
14812
15314
15828
16352
16890
17438
18002
18578
19168
19774
20394
21032
21688
22362
23054
23768
24502
25260
26042
26850
27684
28548
29444
30374
31338
32344
-32142
-31048
-29906
-28708
-27452
-26128
-24730
-23252
-21680
-20004
-18208
-16276
-14184
-11904
-9400
-6620
-3498
60
4200
9144
15284
0
0
0
0
0
0
0
0
0
0
0
0
0
0
0
0
0
0
0
0
0
0
0
0
0
0
0
0
0
0
0
0
0
0
0
0
0
0
0
0
0
0
0
0
0
0
0
0
0
0
0
0
0
0
0
0
0
0
0
0
0
0
0
0
0
0
0
0
0
0
0
0
0
0
0
0
0
0
0
0
0
0
0
0
0
0
0
0
0
0
0
0
0
0
0
0
0
0
0
0
0
0
0
0
0
0
0
0
0
0
0
0
0
0
0
0
0
0
0
0
0
0
0
0
0
0
0
15284
9144
4200
60
-3498
-6620
-9400
-11904
-14184
-16276
-18208
-20004
-21680
-23252
-24730
-26128
-27452
-28708
-29906
-31048
-32142
32344
31338
30374
29444
28548
27684
26850
26042
25260
24502
23768
23054
22362
21688
21032
20394
19774
19168
18578
18002
17438
16890
16352
15828
15314
14812
14322
13840
13368
12908
12454
12012
11576
11150
10730
10320
9916
9520
9130
8748
8372
8002
7640
7282
6932
6586
6246
5912
5582
5260
4940
4626
4318
4012
3714
3418
3126
2840
2558
2280
2004
1734
1468
1204
944
690
436
188
-58
-300
-538
-774
-1006
-1236
-1462
-1686
-1906
-2124
-2338
-2550
-2760
-2966
-3170
-3370
-3570
-3766
-3960
-4150
-4340
-4526
-4710
-4892
-5072
-5248
-5424
-5596
-5768
-5936
-6102
-6268
-6430
-6590
-6748
-6906
-7060
-7212
-7364
-7512
-7658
-7804
-7948
-8088
-8228
-8366
-8504
-8638
-8770
-8902
-9032
-9160
-9286
-9410
-9534
-9656
-9774
-9894
-10010
-10126
-10240
-10352
-10462
-10572
-10680
-10786
-10892
-10996
-11098
-11198
-11298
-11396
-11492
-11588
-11682
-11774
-11866
-11956
-12044
-12132
-12218
-12302
-12386
-12468
-12550
-12630
-12708
-12786
-12862
-12936
-13010
-13082
-13154
-13224
-13294
-13362
-13428
-13494
-13558
-13620
-13682
-13744
-13802
-13862
-13918
-13976
-14030
-14084
-14138
-14190
-14240
-14290
-14338
-14386
-14432
-14478
-14522
-14566
-14608
-14648
-14688
-14728
-14766
-14802
-14838
-14874
-14906
-14940
-14972
-15002
-15032
-15060
-15088
-15114
-15140
-15164
-15188
-15210
-15232
-15252
-15272
-15290
-15308
-15324
-15340
-15354
-15368
-15380
-15392
-15402
-15412
-15420
-15428
-15434
-15438
-15444
-15446
-15450
-15450
-15452
-15452
-15450
-15450
-15446
-15444
-15438
-15434
-15428
-15420
-15412
-15402
-15392
-15380
-15368
-15354
-15340
-15324
-15308
-15290
-15272
-15252
-15232
-15210
-15188
-15164
-15140
-15114
-15088
-15060
-15032
-15002
-14972
-14940
-14906
-14874
-14838
-14802
-14766
-14728
-14688
-14648
-14608
-14566
-14522
-14478
-14432
-14386
-14338
-14290
-14240
-14190
-14138
-14084
-14030
-13976
-13918
-13862
-13802
-13744
-13682
-13620
-13558
-13494
-13428
-13362
-13294
-13224
-13154
-13082
-13010
-12936
-12862
-12786
-12708
-12630
-12550
-12468
-12386
-12302
-12218
-12132
-12044
-11956
-11866
-11774
-11682
-11588
-11492
-11396
-11298
-11198
-11098
-10996
-10892
-10786
-10680
-10572
-10462
-10352
-10240
-10126
-10010
-9894
-9774
-9656
-9534
-9410
-9286
-9160
-9032
-8902
-8770
-8638
-8504
-8366
-8228
-8088
-7948
-7804
-7658
-7512
-7364
-7212
-7060
-6906
-6748
-6590
-6430
-6268
-6102
-5936
-5768
-5596
-5424
-5248
-5072
-4892
-4710
-4526
-4340
-4150
-3960
-3766
-3570
-3370
-3170
-2966
-2760
-2550
-2338
-2124
-1906
-1686
-1462
-1236
-1006
-774
-538
-300
-58
188
436
690
944
1204
1468
1734
2004
2280
2558
2840
3126
3418
3714
4012
4318
4626
4940
5260
5582
5912
6246
6586
6932
7282
7640
8002
8372
8748
9130
9520
9916
10320
10730
11150
11576
12012
12454
12908
13368
13840
14322
14812
15314
15828
16352
16890
17438
18002
18578
19168
19774
20394
21032
21688
22362
23054
23768
24502
25260
26042
26850
27684
28548
29444
30374
31338
32344
-32142
-31048
-29906
-28708
-27452
-26128
-24730
-23252
-21680
-20004
-18208
-16276
-14184
-11904
-9400
-6620
-3498
60
4200
9144
15284
0
0
0
0
0
0
0
0
0
0
0
0
0
0
0
0
0
0
0
0
0
0
0
0
0
0
0
0
0
0
0
0
0
0
0
0
0
0
0
0
0
0
0
0
0
0
0
0
0
0
0
0
0
0
0
0
0
0
0
0
0
0
0
0
0
0
0
0
0
0
0
0
0
0
0
0
0
0
0
0
0
0
0
0
0
0
0
0
0
0
0
0
0
0
0
0
0
0
0
0
0
0
0
0
0
0
0
0
0
0
0
0
0
0
0
0
0
0
0
0
0
0
0
0
0
0
0
15284
9144
4200
60
-3498
-6620
-9400
-11904
-14184
-16276
-18208
-20004
-21680
-23252
-24730
-26128
-27452
-28708
-29906
-31048
-32142
32344
31338
30374
29444
28548
27684
26850
26042
25260
24502
23768
23054
22362
21688
21032
20394
19774
19168
18578
18002
17438
16890
16352
15828
15314
14812
14322
13840
13368
12908
12454
12012
11576
11150
10730
10320
9916
9520
9130
8748
8372
8002
7640
7282
6932
6586
6246
5912
5582
5260
4940
4626
4318
4012
3714
3418
3126
2840
2558
2280
2004
1734
1468
1204
944
690
436
188
-58
-300
-538
-774
-1006
-1236
-1462
-1686
-1906
-2124
-2338
-2550
-2760
-2966
-3170
-3370
-3570
-3766
-3960
-4150
-4340
-4526
-4710
-4892
-5072
-5248
-5424
-5596
-5768
-5936
-6102
-6268
-6430
-6590
-6748
-6906
-7060
-7212
-7364
-7512
-7658
-7804
-7948
-8088
-8228
-8366
-8504
-8638
-8770
-8902
-9032
-9160
-9286
-9410
-9534
-9656
-9774
-9894
-10010
-10126
-10240
-10352
-10462
-10572
-10680
-10786
-10892
-10996
-11098
-11198
-11298
-11396
-11492
-11588
-11682
-11774
-11866
-11956
-12044
-12132
-12218
-12302
-12386
-12468
-12550
-12630
-12708
-12786
-12862
-12936
-13010
-13082
-13154
-13224
-13294
-13362
-13428
-13494
-13558
-13620
-13682
-13744
-13802
-13862
-13918
-13976
-14030
-14084
-14138
-14190
-14240
-14290
-14338
-14386
-14432
-14478
-14522
-14566
-14608
-14648
-14688
-14728
-14766
-14802
-14838
-14874
-14906
-14940
-14972
-15002
-15032
-15060
-15088
-15114
-15140
-15164
-15188
-15210
-15232
-15252
-15272
-15290
-15308
-15324
-15340
-15354
-15368
-15380
-15392
-15402
-15412
-15420
-15428
-15434
-15438
-15444
-15446
-15450
-15450
-15452
