0
0
2
4
6
10
14
18
24
30
36
44
52
60
70
80
90
102
114
126
140
154
168
184
200
216
234
252
272
290
310
332
352
374
398
422
446
470
496
522
548
576
604
634
664
694
724
756
788
822
856
890
926
960
998
1034
1072
1112
1150
1190
1232
1274
1316
1358
1402
1446
1492
1538
1584
1632
1680
1728
1778
1828
1878
1930
1982
2036
2090
2144
2200
2256
2312
2370
2428
2488
2548
2608
2670
2732
2794
2858
2922
2988
3054
3120
3188
3256
3326
3396
3466
3538
3610
3682
3756
3832
3908
3984
4060
4138
4218
4298
4378
4460
4542
4624
4708
4792
4878
4964
5052
5140
5230
5320
5410
5502
5594
5688
5782
5878
5974
6070
6168
6268
6368
6468
6570
6672
6776
6880
6986
7092
7200
7308
7418
7528
7638
7750
7864
7978
8094
8210
8328
8446
8564
8686
8806
8930
9052
9178
9304
9430
9558
9686
9816
9948
10080
10214
10348
10484
10620
10758
10898
11038
11180
11322
11466
11612
11758
11906
12054
12204
12356
12508
12662
12818
12974
13132
13290
13450
13612
13776
13940
14106
14274
14442
14612
14784
14956
15130
15306
15484
15662
15842
16024
16208
16392
16578
16766
16956
17148
17340
17536
17732
17930
18128
18330
18532
18738
18944
19152
19362
19574
19788
20004
20220
20440
20662
20884
21110
21336
21566
21798
22030
22266
22504
22744
22986
23230
23476
23724
23974
24228
24484
24742
25002
25264
25530
25798
26068
26340
26616
26894
27176
27458
27746
28034
28326
28622
28920
29220
29524
29832
30142
30454
30772
31092
31414
31742
32072
32404
32742
-32448
-32104
-31756
-31404
-31048
-30686
-30322
-29954
-29582
-29204
-28822
-28436
-28046
-27652
-27252
-26846
-26436
-26022
-25602
-25176
-24746
-24308
-23866
-23418
-22964
-22504
-22038
-21566
-21086
-20600
-20108
-19608
-19102
-18586
-18064
-17534
-16996
-16450
-15894
-15330
-14758
-14176
-13584
-12982
-12370
-11748
-11114
-10468
-9812
-9144
-8462
-7768
-7062
-6340
-5604
-4852
-4086
-3304
-2504
-1686
-850
6
880
1776
2696
3636
4602
5594
6612
7660
8736
9846
10988
12166
13380
14636
15936
17282
18676
20124
21630
23196
24830
26538
28326
30202
32176
-31276
-29076
-26744
-24258
-21600
-18744
-15658
-12302
-8624
-4558
-8
5152
11112
18166
26806
-27580
0
0
0
0
0
0
0
0
0
0
0
0
0
0
0
0
0
0
0
0
0
0
0
0
0
0
0
0
0
0
0
0
0
0
0
0
0
0
0
0
0
0
0
0
0
0
0
0
0
0
0
0
0
0
0
0
0
0
0
0
0
0
0
0
0
0
0
0
0
0
0
0
0
0
0
0
0
0
0
0
0
0
0
0
0
0
0
0
0
0
0
0
0
0
0
0
0
0
0
0
0
0
0
0
0
0
0
0
0
0
0
0
0
0
0
0
0
0
0
0
0
0
0
0
0
0
0
0
0
0
0
0
0
0
0
0
0
0
0
0
0
0
0
0
0
0
0
0
0
0
0
0
0
0
0
0
0
0
0
0
0
0
0
0
0
0
0
0
0
0
0
0
0
0
0
0
0
0
0
0
0
0
0
0
0
0
0
0
0
0
0
0
0
0
0
0
0
0
0
0
0
0
0
0
0
0
0
0
0
0
0
0
0
0
0
0
0
0
0
0
0
0
0
0
0
0
0
0
0
0
0
0
0
0
0
0
0
0
0
0
0
0
0
0
0
0
0
0
0
0
0
0
0
0
0
0
0
0
0
0
0
0
0
0
0
0
0
0
0
0
0
0
0
0
0
0
0
0
0
0
0
0
0
0
0
0
0
0
0
0
0
0
0
0
0
0
0
0
0
0
0
0
0
0
0
0
0
0
0
0
0
0
0
0
0
0
0
0
0
0
0
0
0
0
0
0
0
0
0
0
0
0
0
0
0
0
0
0
0
0
0
0
0
0
0
0
0
0
0
0
0
0
0
0
0
0
0
0
0
0
0
0
0
0
0
0
0
0
0
0
0
0
0
0
0
0
0
0
0
0
0
0
0
0
0
0
0
0
0
0
0
0
0
0
0
0
0
0
0
0
0
0
0
0
0
0
0
0
0
0
0
0
0
0
0
0
0
0
0
0
0
0
0
0
0
0
0
0
0
0
0
0
0
0
0
0
0
0
0
0
0
0
0
0
0
0
0
0
0
0
0
0
0
0
0
0
0
0
0
0
0
0
0
0
0
0
0
0
0
0
0
0
0
0
0
0
0
0
0
0
0
0
0
0
0
0
0
0
0
0
0
0
0
0
0
0
0
0
0
0
0
0
0
0
0
0
0
0
0
0
0
0
0
0
0
0
0
0
0
0
0
0
0
0
0
0
0
0
0
0
0
0
0
0
0
0
0
0
0
0
0
0
0
0
0
0
0
0
0
0
0
0
0
0
0
0
0
0
0
0
0
0
0
0
0
0
0
0
0
0
0
0
0
0
0
0
0
0
0
0
0
0
0
0
0
0
0
0
0
0
0
0
0
0
0
0
0
0
0
0
0
0
0
0
0
0
0
0
0
0
0
0
0
0
0
0
0
0
0
0
0
0
0
0
0
0
0
0
0
0
0
0
0
0
0
0
0
0
0
0
0
0
0
0
0
0
0
0
0
0
0
0
0
0
0
0
0
0
0
0
0
0
0
0
0
0
0
0
0
0
0
0
0
0
0
0
0
0
0
0
0
0
0
0
0
0
0
0
0
0
0
0
0
0
0
0
0
0
0
0
0
0
0
0
0
0
0
0
0
0
0
0
0
0
0
0
0
0
0
0
0
0
0
0
0
0
0
0
0
0
0
0
0
0
0
0
0
0
0
0
0
0
0
0
0
0
0
0
0
0
0
0
0
0
0
0
0
0
0
0
0
0
0
0
0
0
0
0
0
0
0
0
0
0
0
21570
10424
1784
-5272
-11232
-16392
-20940
-25008
-28686
-32040
30406
27550
24892
22406
20072
17872
15792
13820
11944
10156
8448
6814
5246
3740
2292
898
-448
-1746
-3002
-4218
-5396
-6538
-7646
-8724
-9770
-10788
-11780
-12746
-13688
-14606
-15502
-16378
-17234
-18068
-18886
-19686
-20470
-21236
-21986
-22722
-23444
-24152
-24846
-25526
-26196
-26852
-27496
-28130
-28752
-29364
-29966
-30558
-31140
-31714
-32278
32700
32152
31614
31084
30562
30048
29540
29040
28548
28062
27582
27110
26644
26184
25730
25282
24840
24404
23972
23548
23128
22712
22302
21898
21498
21102
20712
20326
19944
19568
19194
18826
18462
18102
17746
17394
17044
16700
16360
16022
15688
15358
15032
14708
14388
14072
13758
13448
13142
12838
12536
12238
11944
11652
11362
11076
10792
10512
10234
9958
9684
9414
9146
8882
8618
8358
8100
7846
7592
7342
7092
6846
6602
6360
6120
5884
5648
5414
5184
4954
4726
4502
4278
4056
3838
3620
3404
3190
2980
2768
2560
2354
2150
1946
1746
1546
1348
1152
958
764
574
384
196
10
-176
-358
-540
-720
-900
-1076
-1252
-1426
-1600
-1772
-1942
-2110
-2276
-2442
-2608
-2770
-2932
-3092
-3252
-3410
-3566
-3720
-3874
-4028
-4178
-4328
-4478
-4624
-4772
-4916
-5060
-5204
-5344
-5484
-5624
-5762
-5898
-6034
-6170
-6302
-6434
-6566
-6696
-6826
-6952
-7080
-7206
-7330
-7454
-7576
-7698
-7818
-7938
-8056
-8174
-8290
-8404
-8518
-8632
-8744
-8856
-8966
-9076
-9184
-9290
-9398
-9502
-9608
-9710
-9814
-9916
-10016
-10116
-10214
-10312
-10410
-10506
-10600
-10696
-10788
-10882
-10972
-11064
-11154
-11242
-11330
-11418
-11504
-11590
-11674
-11758
-11842
-11924
-12006
-12086
-12166
-12244
-12322
-12400
-12476
-12552
-12626
-12700
-12774
-12846
-12918
-12988
-13058
-13126
-13196
-13262
-13330
-13396
-13460
-13526
-13588
-13652
-13714
-13776
-13836
-13896
-13954
-14014
-14070
-14128
-14184
-14240
-14294
-14348
-14400
-14452
-14504
-14556
-14606
-14656
-14704
-14752
-14800
-14846
-14892
-14936
-14980
-15024
-15068
-15110
-15152
-15192
-15232
-15272
-15310
-15348
-15386
-15422
-15458
-15494
-15528
-15562
-15594
-15626
-15658
-15690
-15720
-15750
-15778
-15806
-15834
-15862
-15888
-15912
-15938
-15962
-15986
-16008
-16030
-16052
-16072
-16092
-16112
-16130
-16148
-16166
-16182
-16198
-16214
-16228
-16242
-16256
-16270
-16282
-16292
-16304
-16314
-16322
-16332
-16340
-16346
-16354
-16360
-16364
-16370
-16374
-16376
-16380
-16382
-16382
-16384
-16384
-16382
-16382
-16380
-16376
-16374
-16370
-16364
-16360
-16354
-16346
-16340
-16332
-16322
-16314
-16304
-16292
-16282
-16270
-16256
-16242
-16228
-16214
-16198
-16182
-16166
-16148
-16130
-16112
-16092
-16072
-16052
-16030
-16008
-15986
-15962
-15938
-15912
-15888
-15862
-15834
-15806
-15778
-15750
-15720
-15690
-15658
-15626
-15594
-15562
-15528
-15494
-15458
-15422
-15386
-15348
-15310
-15272
-15232
-15192
-15152
-15110
-15068
-15024
-14980
-14936
-14892
-14846
-14800
-14752
-14704
-14656
-14606
-14556
-14504
-14452
-14400
-14348
-14294
-14240
-14184
-14128
-14070
-14014
-13954
-13896
-13836
-13776
-13714
-13652
-13588
-13526
-13460
-13396
-13330
-13262
-13196
-13126
-13058
-12988
-12918
-12846
-12774
-12700
-12626
-12552
-12476
-12400
-12322
-12244
-12166
-12086
-12006
-11924
-11842
-11758
-11674
-11590
-11504
-11418
-11330
-11242
-11154
-11064
-10972
-10882
-10788
-10696
-10600
-10506
-10410
-10312
-10214
-10116
-10016
-9916
-9814
-9710
-9608
-9502
-9398
-9290
-9184
-9076
-8966
-8856
-8744
-8632
-8518
-8404
-8290
-8174
-8056
-7938
-7818
-7698
-7576
-7454
-7330
-7206
-7080
-6952
-6826
-6696
-6566
-6434
-6302
-6170
-6034
-5898
-5762
-5624
-5484
-5344
-5204
-5060
-4916
-4772
-4624
-4478
-4328
-4178
-4028
-3874
-3720
-3566
-3410
-3252
-3092
-2932
-2770
-2608
-2442
-2276
-2110
-1942
-1772
-1600
-1426
-1252
-1076
-900
-720
-540
-358
-176
10
196
384
574
764
958
1152
1348
1546
1746
1946
2150
2354
2560
2768
2980
3190
3404
3620
3838
4056
4278
4502
4726
4954
5184
5414
5648
5884
6120
6360
6602
6846
7092
7342
7592
7846
8100
8358
8618
8882
9146
9414
9684
9958
10234
10512
10792
11076
11362
11652
11944
12238
12536
12838
13142
13448
13758
14072
14388
14708
15032
15358
15688
16022
16360
16700
17044
17394
17746
18102
18462
18826
19194
19568
19944
20326
20712
21102
21498
21898
22302
22712
23128
23548
23972
24404
24840
25282
25730
26184
26644
27110
27582
28062
28548
29040
29540
30048
30562
31084
31614
32152
32700
-32278
-31714
-31140
-30558
-29966
-29364
-28752
-28130
-27496
-26852
-26196
-25526
-24846
-24152
-23444
-22722
-21986
-21236
-20470
-19686
-18886
-18068
-17234
-16378
-15502
-14606
-13688
-12746
-11780
-10788
-9770
-8724
-7646
-6538
-5396
-4218
-3002
-1746
-448
898
2292
3740
5246
6814
8448
10156
11944
13820
15792
17872
20072
22406
24892
27550
30406
-32040
-28686
-25008
-20940
-16392
-11232
-5272
1784
10424
21570
0
0
0
0
0
0
0
0
0
0
0
0
0
0
0
0
0
0
0
0
0
0
0
0
0
0
0
0
0
0
0
0
0
0
0
0
0
0
0
0
0
0
0
0
0
0
0
0
0
0
0
0
0
0
0
0
0
0
0
0
0
0
0
0
0
0
0
0
0
0
0
0
0
0
0
0
0
0
0
0
0
0
0
0
0
0
0
0
0
0
0
0
0
0
0
0
0
0
0
0
0
0
0
0
0
0
0
0
0
0
0
0
0
0
0
0
0
0
0
0
0
0
0
0
0
0
0
0
0
0
0
0
0
0
0
0
0
0
0
0
0
0
0
0
0
0
0
0
0
0
0
0
0
0
0
0
0
0
0
0
0
0
0
0
0
0
0
0
0
0
0
0
0
0
0
0
0
0
0
0
0
0
0
0
0
0
0
0
0
0
0
0
0
0
0
0
0
0
0
0
0
0
0
0
0
0
0
0
0
0
0
0
0
0
0
0
0
0
0
0
0
0
0
0
0
0
0
0
0
0
0
0
0
0
0
0
0
0
0
0
0
0
0
0
0
0
0
0
0
0
0
0
0
0
0
0
0
0
0
0
0
0
0
0
0
0
0
0
0
0
0
0
0
0
0
0
0
0
0
0
0
0
0
0
0
0
0
0
0
0
0
0
0
0
0
0
0
0
0
0
0
0
0
0
0
0
0
0
0
0
0
0
0
0
0
0
0
0
0
0
0
0
0
0
0
0
0
0
0
0
0
0
0
0
0
0
0
0
0
0
0
0
0
0
0
0
0
0
0
0
0
0
0
0
0
0
0
0
0
0
0
0
0
0
0
0
0
0
0
0
0
0
0
0
0
0
0
0
0
0
0
0
0
0
0
0
0
0
0
0
0
0
0
0
0
0
0
0
0
0
0
0
0
0
0
0
0
0
0
0
0
0
0
0
0
0
0
0
0
0
0
0
0
0
0
0
0
0
0
0
0
0
0
0
0
0
0
0
0
0
0
0
0
0
0
0
0
0
0
0
0
0
0
0
0
0
0
0
0
0
0
0
0
0
0
0
0
0
0
0
0
0
0
0
0
0
0
0
0
0
0
0
0
0
0
0
0
0
0
0
0
0
0
0
0
0
0
0
0
0
0
0
0
0
0
0
0
0
0
0
0
0
0
0
0
0
0
0
0
0
0
0
0
0
0
0
0
0
0
0
0
0
0
0
0
0
0
0
0
0
0
0
0
0
0
0
0
0
0
0
0
0
0
0
0
0
0
0
0
0
0
0
0
0
0
0
0
0
0
0
0
0
0
0
0
0
0
0
0
0
0
0
0
0
0
0
0
0
0
0
0
0
0
0
0
0
0
0
0
0
0
0
0
0
0
0
0
0
0
0
0
0
0
0
0
0
0
0
0
0
0
0
0
0
0
0
0
0
0
0
0
0
0
0
0
0
0
0
0
0
0
0
0
0
0
0
0
0
0
0
0
0
0
0
0
0
0
0
0
0
0
0
0
0
0
0
0
0
0
0
0
0
0
0
0
0
0
0
0
0
0
0
0
0
0
0
0
0
0
0
0
0
0
0
0
0
0
0
0
0
0
0
0
0
0
0
0
0
0
0
0
0
0
0
0
0
0
0
0
0
0
0
0
0
0
0
0
0
0
0
0
0
0
0
0
0
0
0
0
0
0
0
0
0
0
0
0
0
0
0
0
0
0
0
0
0
0
0
0
0
0
0
0
0
0
0
0
0
0
0
0
0
0
0
0
21570
10424
1784
-5272
-11232
-16392
-20940
-25008
-28686
-32040
30406
27550
24892
22406
20072
17872
15792
13820
11944
10156
8448
6814
5246
3740
2292
898
-448
-1746
-3002
-4218
-5396
-6538
-7646
-8724
-9770
-10788
-11780
-12746
-13688
-14606
-15502
-16378
-17234
-18068
-18886
-19686
-20470
-21236
-21986
-22722
-23444
-24152
-24846
-25526
-26196
-26852
-27496
-28130
-28752
-29364
-29966
-30558
-31140
-31714
-32278
32700
32152
31614
31084
30562
30048
29540
29040
28548
28062
27582
27110
26644
26184
25730
25282
24840
24404
23972
23548
23128
22712
22302
21898
21498
21102
20712
20326
19944
19568
19194
18826
18462
18102
17746
17394
17044
16700
16360
16022
15688
15358
15032
14708
14388
14072
13758
13448
13142
12838
12536
12238
11944
11652
11362
11076
10792
10512
10234
9958
9684
9414
9146
8882
8618
8358
8100
7846
7592
7342
7092
6846
6602
6360
6120
5884
5648
5414
5184
4954
4726
4502
4278
4056
3838
3620
3404
3190
2980
2768
2560
2354
2150
1946
1746
1546
1348
1152
958
764
574
384
196
10
-176
-358
-540
-720
-900
-1076
-1252
-1426
-1600
-1772
-1942
-2110
-2276
-2442
-2608
-2770
-2932
-3092
-3252
-3410
-3566
-3720
-3874
-4028
-4178
-4328
-4478
-4624
-4772
-4916
-5060
-5204
-5344
-5484
-5624
-5762
-5898
-6034
-6170
-6302
-6434
-6566
-6696
-6826
-6952
-7080
-7206
-7330
-7454
-7576
-7698
-7818
-7938
-8056
-8174
-8290
-8404
-8518
-8632
-8744
-8856
-8966
-9076
-9184
-9290
-9398
-9502
-9608
-9710
-9814
-9916
-10016
-10116
-10214
-10312
-10410
-10506
-10600
-10696
-10788
-10882
-10972
-11064
-11154
-11242
-11330
-11418
-11504
-11590
-11674
-11758
-11842
-11924
-12006
-12086
-12166
-12244
-12322
-12400
-12476
-12552
-12626
-12700
-12774
-12846
-12918
-12988
-13058
-13126
-13196
-13262
-13330
-13396
-13460
-13526
-13588
-13652
-13714
-13776
-13836
-13896
-13954
-14014
-14070
-14128
-14184
-14240
-14294
-14348
-14400
-14452
-14504
-14556
-14606
-14656
-14704
-14752
-14800
-14846
-14892
-14936
-14980
-15024
-15068
-15110
-15152
-15192
-15232
-15272
-15310
-15348
-15386
-15422
-15458
-15494
-15528
-15562
-15594
-15626
-15658
-15690
-15720
-15750
-15778
-15806
-15834
-15862
-15888
-15912
-15938
-15962
-15986
-16008
-16030
-16052
-16072
-16092
-16112
-16130
-16148
-16166
-16182
-16198
-16214
-16228
-16242
-16256
-16270
-16282
-16292
-16304
-16314
-16322
-16332
-16340
-16346
-16354
-16360
-16364
-16370
-16374
-16376
-16380
-16382
-16382
-16384
-16384
-16382
-16382
-16380
-16376
-16374
-16370
-16364
-16360
-16354
-16346
-16340
-16332
-16322
-16314
-16304
-16292
-16282
-16270
-16256
-16242
-16228
-16214
-16198
-16182
-16166
-16148
-16130
-16112
-16092
-16072
-16052
-16030
-16008
-15986
-15962
-15938
-15912
-15888
-15862
-15834
-15806
-15778
-15750
-15720
-15690
-15658
-15626
-15594
-15562
-15528
-15494
-15458
-15422
-15386
-15348
-15310
-15272
-15232
-15192
-15152
-15110
-15068
-15024
-14980
-14936
-14892
-14846
-14800
-14752
-14704
-14656
-14606
-14556
-14504
-14452
-14400
-14348
-14294
-14240
-14184
-14128
-14070
-14014
-13954
-13896
-13836
-13776
-13714
-13652
-13588
-13526
-13460
-13396
-13330
-13262
-13196
-13126
-13058
-12988
-12918
-12846
-12774
-12700
-12626
-12552
-12476
-12400
-12322
-12244
-12166
-12086
-12006
-11924
-11842
-11758
-11674
-11590
-11504
-11418
-11330
-11242
-11154
-11064
-10972
-10882
-10788
-10696
-10600
-10506
-10410
-10312
-10214
-10116
-10016
-9916
-9814
-9710
-9608
-9502
-9398
-9290
-9184
-9076
-8966
-8856
-8744
-8632
-8518
-8404
-8290
-8174
-8056
-7938
-7818
-7698
-7576
-7454
-7330
-7206
-7080
-6952
-6826
-6696
-6566
-6434
-6302
-6170
-6034
-5898
-5762
-5624
-5484
-5344
-5204
-5060
-4916
-4772
-4624
-4478
-4328
-4178
-4028
-3874
-3720
-3566
-3410
-3252
-3092
-2932
-2770
-2608
-2442
-2276
-2110
-1942
-1772
-1600
-1426
-1252
-1076
-900
-720
-540
-358
-176
10
196
384
574
764
958
1152
1348
1546
1746
1946
2150
2354
2560
2768
2980
3190
3404
3620
3838
4056
4278
4502
4726
4954
5184
5414
5648
5884
6120
6360
6602
6846
7092
7342
7592
7846
8100
8358
8618
8882
9146
9414
9684
9958
10234
10512
10792
11076
11362
11652
11944
12238
12536
12838
13142
13448
13758
14072
14388
14708
15032
15358
15688
16022
16360
16700
17044
17394
17746
18102
18462
18826
19194
19568
19944
20326
20712
21102
21498
21898
22302
22712
23128
23548
23972
24404
24840
25282
25730
26184
26644
27110
27582
28062
28548
29040
29540
30048
30562
31084
31614
32152
32700
-32278
-31714
-31140
-30558
-29966
-29364
-28752
-28130
-27496
-26852
-26196
-25526
-24846
-24152
-23444
-22722
-21986
-21236
-20470
-19686
-18886
-18068
-17234
-16378
-15502
-14606
-13688
-12746
-11780
-10788
-9770
-8724
-7646
-6538
-5396
-4218
-3002
-1746
-448
898
2292
3740
5246
6814
8448
10156
11944
13820
15792
17872
20072
22406
24892
27550
30406
-32040
-28686
-25008
-20940
-16392
-11232
-5272
1784
10424
21570
0
0
0
0
0
0
0
0
0
0
0
0
0
0
0
0
0
0
0
0
0
0
0
0
0
0
0
0
0
0
0
0
0
0
0
0
0
0
0
0
0
0
0
0
0
0
0
0
0
0
0
0
0
0
0
0
0
0
0
0
0
0
0
0
0
0
0
0
0
0
0
0
0
0
0
0
0
0
0
0
0
0
0
0
0
0
0
0
0
0
0
0
0
0
0
0
0
0
0
0
0
0
0
0
0
0
0
0
0
0
0
0
0
0
0
0
0
0
0
0
0
0
0
0
0
0
0
0
0
0
0
0
0
0
0
0
0
0
0
0
0
0
0
0
0
0
0
0
0
0
0
0
0
0
0
0
0
0
0
0
0
0
0
0
0
0
0
0
0
0
0
0
0
0
0
0
0
0
0
0
0
0
0
0
0
0
0
0
0
0
0
0
0
0
0
0
0
0
0
0
0
0
0
0
0
0
0
0
0
0
0
0
0
0
0
0
0
0
0
0
0
0
0
0
0
0
0
0
0
0
0
0
0
0
0
0
0
0
0
0
0
0
0
0
0
0
0
0
0
0
0
0
0
0
0
0
0
0
0
0
0
0
0
0
0
0
0
0
0
0
0
0
0
0
0
0
0
0
0
0
0
0
0
0
0
0
0
0
0
0
0
0
0
0
0
0
0
0
0
0
0
0
0
0
0
0
0
0
0
0
0
0
0
0
0
0
0
0
0
0
0
0
0
0
0
0
0
0
0
0
0
0
0
0
0
0
0
0
0
0
0
0
0
0
0
0
0
0
0
0
0
0
0
0
0
0
0
0
0
0
0
0
0
0
0
0
0
0
0
0
0
0
0
0
0
0
0
0
0
0
0
0
0
0
0
0
0
0
0
0
0
0
0
0
0
0
0
0
0
0
0
0
0
0
0
0
0
0
0
0
0
0
0
0
0
0
0
0
0
0
0
0
0
0
0
0
0
0
0
0
0
0
0
0
0
0
0
0
0
0
0
0
0
0
0
0
0
0
0
0
0
0
0
0
0
0
0
0
0
0
0
0
0
0
0
0
0
0
0
0
0
0
0
0
0
0
0
0
0
0
0
0
0
0
0
0
0
0
0
0
0
0
0
0
0
0
0
0
0
0
0
0
0
0
0
0
0
0
0
0
0
0
0
0
0
0
0
0
0
0
0
0
0
0
0
0
0
0
0
0
0
0
0
0
0
0
0
0
0
0
0
0
0
0
0
0
0
0
0
0
0
0
0
0
0
0
0
0
0
0
0
0
0
0
0
0
0
0
0
0
0
0
0
0
0
0
0
0
0
0
0
0
0
0
0
0
0
0
0
0
0
0
0
0
0
0
0
0
0
0
0
0
0
0
0
0
0
0
0
0
0
0
0
0
0
0
0
0
0
0
0
0
0
0
0
0
0
0
0
0
0
0
0
0
0
0
0
0
0
0
0
0
0
0
0
0
0
0
0
0
0
0
0
0
0
0
0
0
0
0
0
0
0
0
0
0
0
0
0
0
0
0
0
0
0
0
0
0
0
0
0
0
0
0
0
0
0
0
0
0
0
0
0
0
0
0
0
0
0
0
0
0
0
0
0
0
0
0
0
0
0
0
0
0
0
0
0
0
0
0
0
0
0
0
0
0
0
0
0
0
0
0
0
0
0
0
0
0
0
0
0
0
0
0
0
0
0
0
0
0
0
0
0
0
0
0
0
0
0
0
0
0
0
0
0
0
0
0
0
0
0
0
0
0
0
21570
10424
1784
-5272
-11232
-16392
-20940
-25008
-28686
-32040
30406
27550
24892
22406
20072
17872
15792
13820
11944
10156
8448
6814
5246
3740
2292
898
-448
-1746
-3002
-4218
-5396
-6538
-7646
-8724
-9770
-10788
-11780
-12746
-13688
-14606
-15502
-16378
-17234
-18068
-18886
-19686
-20470
-21236
-21986
-22722
-23444
-24152
-24846
-25526
-26196
-26852
-27496
-28130
-28752
-29364
-29966
-30558
-31140
-31714
-32278
32700
32152
31614
31084
30562
30048
29540
29040
28548
28062
27582
27110
26644
26184
25730
25282
24840
24404
23972
23548
23128
22712
22302
21898
21498
21102
20712
20326
19944
19568
19194
18826
18462
18102
17746
17394
17044
16700
16360
16022
15688
15358
15032
14708
14388
14072
13758
13448
13142
12838
12536
12238
11944
11652
11362
11076
10792
10512
10234
9958
9684
9414
9146
8882
8618
8358
8100
7846
7592
7342
7092
6846
6602
6360
6120
5884
5648
5414
5184
4954
4726
4502
4278
4056
3838
3620
3404
3190
2980
2768
2560
2354
2150
1946
1746
1546
1348
1152
958
764
574
384
196
10
-176
-358
-540
-720
-900
-1076
-1252
-1426
-1600
-1772
-1942
-2110
-2276
-2442
-2608
-2770
-2932
-3092
-3252
-3410
-3566
-3720
-3874
-4028
-4178
-4328
-4478
-4624
-4772
-4916
-5060
-5204
-5344
-5484
-5624
-5762
-5898
-6034
-6170
-6302
-6434
-6566
-6696
-6826
-6952
-7080
-7206
-7330
-7454
-7576
-7698
-7818
-7938
-8056
-8174
-8290
-8404
-8518
-8632
-8744
-8856
-8966
-9076
-9184
-9290
-9398
-9502
-9608
-9710
-9814
-9916
-10016
-10116
-10214
-10312
-10410
-10506
-10600
-10696
-10788
-10882
-10972
-11064
-11154
-11242
-11330
-11418
-11504
-11590
-11674
-11758
-11842
-11924
-12006
-12086
-12166
-12244
-12322
-12400
-12476
-12552
-12626
-12700
-12774
-12846
-12918
-12988
-13058
-13126
-13196
-13262
-13330
-13396
-13460
-13526
-13588
-13652
-13714
-13776
-13836
-13896
-13954
-14014
-14070
-14128
-14184
-14240
-14294
-14348
-14400
-14452
-14504
-14556
-14606
-14656
-14704
-14752
-14800
-14846
-14892
-14936
-14980
-15024
-15068
-15110
-15152
-15192
-15232
-15272
-15310
-15348
-15386
-15422
-15458
-15494
-15528
-15562
-15594
-15626
-15658
-15690
-15720
-15750
-15778
-15806
-15834
-15862
-15888
-15912
-15938
-15962
-15986
-16008
-16030
-16052
-16072
-16092
-16112
-16130
-16148
-16166
-16182
-16198
-16214
-16228
-16242
-16256
-16270
-16282
-16292
-16304
-16314
-16322
-16332
-16340
-16346
-16354
-16360
-16364
-16370
-16374
-16376
-16380
-16382
-16382
-16384
-16384
-16382
-16382
-16380
-16376
-16374
-16370
-16364
-16360
-16354
-16346
-16340
-16332
-16322
-16314
-16304
-16292
-16282
-16270
-16256
-16242
-16228
-16214
-16198
-16182
-16166
-16148
-16130
-16112
-16092
-16072
-16052
-16030
-16008
-15986
-15962
-15938
-15912
-15888
-15862
-15834
-15806
-15778
-15750
-15720
-15690
-15658
-15626
-15594
-15562
-15528
-15494
-15458
-15422
-15386
-15348
-15310
-15272
-15232
-15192
-15152
-15110
-15068
-15024
-14980
-14936
-14892
-14846
-14800
-14752
-14704
-14656
-14606
-14556
-14504
-14452
-14400
-14348
-14294
-14240
-14184
-14128
-14070
-14014
-13954
-13896
-13836
-13776
-13714
-13652
-13588
-13526
-13460
-13396
-13330
-13262
-13196
-13126
-13058
-12988
-12918
-12846
-12774
-12700
-12626
-12552
-12476
-12400
-12322
-12244
-12166
-12086
-12006
-11924
-11842
-11758
-11674
-11590
-11504
-11418
-11330
-11242
-11154
-11064
-10972
-10882
-10788
-10696
-10600
-10506
-10410
-10312
-10214
-10116
-10016
-9916
-9814
-9710
-9608
-9502
-9398
-9290
-9184
-9076
-8966
-8856
-8744
-8632
-8518
-8404
-8290
-8174
-8056
-7938
-7818
-7698
-7576
-7454
-7330
-7206
-7080
-6952
-6826
-6696
-6566
-6434
-6302
-6170
-6034
-5898
-5762
-5624
-5484
-5344
-5204
-5060
-4916
-4772
-4624
-4478
-4328
-4178
-4028
-3874
-3720
-3566
-3410
-3252
-3092
-2932
-2770
-2608
-2442
-2276
-2110
-1942
-1772
-1600
-1426
-1252
-1076
-900
-720
-540
-358
-176
10
196
384
574
764
958
1152
1348
1546
1746
1946
2150
2354
2560
2768
2980
3190
3404
3620
3838
4056
4278
4502
4726
4954
5184
5414
5648
5884
6120
6360
6602
6846
7092
7342
7592
7846
8100
8358
8618
8882
9146
9414
9684
9958
10234
10512
10792
11076
11362
11652
11944
12238
12536
12838
13142
13448
13758
14072
14388
14708
15032
15358
15688
16022
16360
16700
17044
17394
17746
18102
18462
18826
19194
19568
19944
20326
20712
21102
21498
21898
22302
22712
23128
23548
23972
24404
24840
25282
25730
26184
26644
27110
27582
28062
28548
29040
29540
30048
30562
31084
31614
32152
32700
-32278
-31714
-31140
-30558
-29966
-29364
-28752
-28130
-27496
-26852
-26196
-25526
-24846
-24152
-23444
-22722
-21986
-21236
-20470
-19686
-18886
-18068
-17234
-16378
-15502
-14606
-13688
-12746
-11780
-10788
-9770
-8724
-7646
-6538
-5396
-4218
-3002
-1746
-448
898
2292
3740
5246
6814
8448
10156
11944
13820
15792
17872
20072
22406
24892
27550
30406
-32040
-28686
-25008
-20940
-16392
-11232
-5272
1784
10424
21570
0
0
0
0
0
0
0
0
0
0
0
0
0
0
0
0
0
0
0
0
0
0
0
0
0
0
0
0
0
0
0
0
0
0
0
0
0
0
0
0
0
0
0
0
0
0
0
0
0
0
0
0
0
0
0
0
0
0
0
0
0
0
0
0
0
0
0
0
0
0
0
0
0
0
0
0
0
0
0
0
0
0
0
0
0
0
0
0
0
0
0
0
0
0
0
0
0
0
0
0
0
0
0
0
0
0
0
0
0
0
0
0
0
0
0
0
0
0
0
0
0
0
0
0
0
0
0
0
0
0
0
0
0
0
0
0
0
0
0
0
0
0
0
0
0
0
0
0
0
0
0
0
0
0
0
0
0
0
0
0
0
0
0
0
0
0
0
0
0
0
0
0
0
0
0
0
0
0
0
0
0
0
0
0
0
0
0
0
0
0
0
0
0
0
0
0
0
0
0
0
0
0
0
0
0
0
0
0
0
0
0
0
0
0
0
0
0
0
0
0
0
0
0
0
0
0
0
0
0
0
0
0
0
0
0
0
0
0
0
0
0
0
0
0
0
0
0
0
0
0
0
0
0
0
0
0
0
0
0
0
0
0
0
0
0
0
0
0
0
0
0
0
0
0
0
0
0
0
0
0
0
0
0
0
0
0
0
0
0
0
0
0
0
0
0
0
0
0
0
0
0
0
0
0
0
0
0
0
0
0
0
0
0
0
0
0
0
0
0
0
0
0
0
0
0
0
0
0
0
0
0
0
0
0
0
0
0
0
0
0
0
0
0
0
0
0
0
0
0
0
0
0
0
0
0
0
0
0
0
0
0
0
0
0
0
0
0
0
0
0
0
0
0
0
0
0
0
0
0
0
0
0
0
0
0
0
0
0
0
0
0
0
0
0
0
0
0
0
0
0
0
0
0
0
0
0
0
0
0
0
0
0
0
0
0
0
0
0
0
0
0
0
0
0
0
0
0
0
0
0
0
0
0
0
0
0
0
0
0
0
0
0
0
0
0
0
0
0
0
0
0
0
0
0
0
0
0
0
0
0
0
0
0
0
0
0
0
0
0
0
0
0
0
0
0
0
0
0
0
0
0
0
0
0
0
0
0
0
0
0
0
0
0
0
0
0
0
0
0
0
0
0
0
0
0
0
0
0
0
0
0
0
0
0
0
0
0
0
0
0
0
0
0
0
0
0
0
0
0
0
0
0
0
0
0
0
0
0
0
0
0
0
0
0
0
0
0
0
0
0
0
0
0
0
0
0
0
0
0
0
0
0
0
0
0
0
0
0
0
0
0
0
0
0
0
0
0
0
0
0
0
0
0
0
0
0
0
0
0
0
0
0
0
0
0
0
0
0
0
0
0
0
0
0
0
0
0
0
0
0
0
0
0
0
0
0
0
0
0
0
0
0
0
0
0
0
0
0
0
0
0
0
0
0
0
0
0
0
0
0
0
0
0
0
0
0
0
0
0
0
0
0
0
0
0
0
0
0
0
0
0
0
0
0
0
0
0
0
0
0
0
0
0
0
0
0
0
0
0
0
0
0
0
0
0
0
0
0
0
0
0
0
0
0
0
0
0
0
0
0
0
0
0
0
0
0
0
0
0
0
0
0
0
0
0
0
0
0
0
0
0
0
0
0
0
0
0
0
0
0
0
0
0
0
0
0
0
0
0
0
0
0
0
0
0
0
0
0
0
0
0
0
0
0
0
0
0
0
0
0
0
0
0
0
0
0
0
0
0
0
0
0
0
0
0
-27580
26806
18166
11112
5152
-8
-4558
-8624
-12302
-15658
-18744
-21600
-24258
-26744
-29076
-31276
32176
30202
28326
26538
24830
23196
21630
20124
18676
17282
15936
14636
13380
12166
10988
9846
8736
7660
6612
5594
4602
3636
2696
1776
880
6
-850
-1686
-2504
-3304
-4086
-4852
-5604
-6340
-7062
-7768
-8462
-9144
-9812
-10468
-11114
-11748
-12370
-12982
-13584
-14176
-14758
-15330
-15894
-16450
-16996
-17534
-18064
-18586
-19102
-19608
-20108
-20600
-21086
-21566
-22038
-22504
-22964
-23418
-23866
-24308
-24746
-25176
-25602
-26022
-26436
-26846
-27252
-27652
-28046
-28436
-28822
-29204
-29582
-29954
-30322
-30686
-31048
-31404
-31756
-32104
-32448
32742
32404
32072
31742
31414
31092
30772
30454
30142
29832
29524
29220
28920
28622
28326
28034
27746
27458
27176
26894
26616
26340
26068
25798
25530
25264
25002
24742
24484
24228
23974
23724
23476
23230
22986
22744
22504
22266
22030
21798
21566
21336
21110
20884
20662
20440
20220
20004
19788
19574
19362
19152
18944
18738
18532
18330
18128
17930
17732
17536
17340
17148
16956
16766
16578
16392
16208
16024
15842
15662
15484
15306
15130
14956
14784
14612
14442
14274
14106
13940
13776
13612
13450
13290
13132
12974
12818
12662
12508
12356
12204
12054
11906
11758
11612
11466
11322
11180
11038
10898
10758
10620
10484
10348
10214
10080
9948
9816
9686
9558
9430
9304
9178
9052
8930
8806
8686
8564
8446
8328
8210
8094
7978
7864
7750
7638
7528
7418
7308
7200
7092
6986
6880
6776
6672
6570
6468
6368
6268
6168
6070
5974
5878
5782
5688
5594
5502
5410
5320
5230
5140
5052
4964
4878
4792
4708
4624
4542
4460
4378
4298
4218
4138
4060
3984
3908
3832
3756
3682
3610
3538
3466
3396
3326
3256
3188
3120
3054
2988
2922
2858
2794
2732
2670
2608
2548
2488
2428
2370
2312
2256
2200
2144
2090
2036
1982
1930
1878
1828
1778
1728
1680
1632
1584
1538
1492
1446
1402
1358
1316
1274
1232
1190
1150
1112
1072
1034
998
960
926
890
856
822
788
756
724
694
664
634
604
576
548
522
496
470
446
422
398
374
352
332
310
290
272
252
234
216
200
184
168
154
140
126
114
102
90
80
70
60
52
44
36
30
24
18
14
10
6
4
2
0
0
0
0
0
0
0
0
0
0
0
0
0
0
0
0
0
0
0
0
0
0
0
0
0
0
0
0
0
0
0
0
0
0
0
0
0
0
0
0
0
0
0
0
0
0
0
0
0
0
0
0
0
0
0
0
0
0
0
0
0
0
0
0
0
0
0
0
0
0
0
0
0
0
0
0
0
0
0
0
0
0
0
0
0
0
0
0
0
0
0
0
0
0
0
0
0
0
0
0
0
0
0
0
0
0
0
0
0
0
0
0
0
0
0
0
0
0
0
0
0
0
0
0
0
0
0
0
0
0
0
0
0
0
0
0
0
0
0
0
0
0
0
0
0
0
0
0
0
0
0
0
0
0
0
0
0
0
0
0
0
0
0
0
0
0
0
0
0
0
0
0
0
0
0
0
0
0
0
0
0
0
0
0
0
0
0
0
0
0
0
0
0
0
0
0
0
0
0
0
0
0
0
0
0
0
0
0
0
0
0
0
0
0
0
0
0
0
0
0
0
0
0
0
0
0
0
0
0
0
0
0
0
0
0
0
0
0
0
0
0
0
0
0
0
0
0
0
0
0
0
0
0
0
0
0
0
0
0
0
0
0
0
0
0
0
0
0
0
0
0
0
0
0
0
0
0
0
0
0
0
0
0
0
0
0
0
0
0
0
0
0
0
0
0
0
0
0
0
0
0
0
0
0
0
0
0
0
0
0
0
0
0
0
0
0
0
0
0
0
0
0
0
0
0
0
0
0
0
0
0
0
0
0
0
0
0
0
0
0
0
0
0
0
0
0
0
0
0
0
0
0
0
0
0
0
0
0
0
0
0
0
0
0
0
0
0
0
0
0
0
0
0
0
0
0
0
0
0
0
0
0
0
0
0
0
0
0
0
0
0
0
0
0
0
0
0
0
0
0
0
0
0
0
0
0
0
0
0
0
0
0
0
0
0
0
0
0
0
0
0
0
0
0
0
0
0
0
0
0
0
0
0
0
0
0
0
0
0
0
0
0
0
0
0
0
0
0
0
0
0
0
0
0
0
0
0
0
0
0
0
0
0
0
0
0
0
0
0
0
0
0
0
0
0
0
0
0
0
0
0
0
0
0
0
0
0
0
0
0
0
0
0
0
0
0
0
0
0
0
0
0
0
0
0
0
0
0
0
0
0
0
0
0
0
0
0
0
0
0
0
0
0
0
0
0
0
0
0
0
0
0
0
0
0
0
0
0
0
0
0
0
0
0
0
0
0
0
0
0
0
0
0
0
0
0
0
0
0
0
0
0
0
0
0
0
0
0
0
0
0
0
0
0
0
0
0
0
0
0
0
0
0
0
0
0
0
0
0
0
0
0
0
0
0
0
0
0
0
0
0
0
0
0
0
0
0
0
0
0
0
0
0
0
0
0
0
0
0
0
0
0
0
0
0
0
0
0
0
0
0
0
0
0
0
0
0
0
0
0
0
0
0
0
0
0
0
0
0
0
0
0
0
0
0
0
0
0
0
0
0
0
0
0
0
0
0
0
0
0
0
0
0
0
0
0
0
0
0
0
0
0
0
0
0
0
0
0
0
0
0
0
0
0
0
0
0
0
0
0
0
0
