0
0
0
0
0
0
0
0
0
0
0
0
0
0
0
0
0
0
0
0
0
0
0
0
0
0
0
0
0
0
0
0
0
0
0
0
0
0
0
0
0
0
0
0
0
0
0
0
0
0
0
0
0
0
0
0
0
0
0
0
0
0
0
0
0
0
0
0
0
0
0
0
0
0
0
0
0
0
0
0
0
0
0
0
0
0
0
0
0
0
0
438
876
1316
1754
2192
2630
3068
3506
3946
4384
4822
5260
5698
6136
6576
7014
7452
7890
8328
8766
9206
9644
10082
10520
10958
11396
11836
12274
12712
13150
13588
14026
14466
14904
15342
15780
16218
16656
17096
17534
17972
18410
18848
19288
19726
20164
20602
21040
21478
21918
22356
22794
23232
23670
24108
24548
24986
25424
25862
26300
26738
27178
27616
28054
28492
28930
29368
29808
30246
30684
31122
31560
31998
32438
32766
32328
31890
31450
31012
30574
30136
29698
29260
28820
28382
27944
27506
27068
26630
26190
25752
25314
24876
24438
24000
23560
23122
22684
22246
21808
21370
20930
20492
20054
19616
19178
18740
18300
17862
17424
16986
16548
16110
15670
15232
14794
14356
13918
13478
13040
12602
12164
11726
11288
10848
10410
9972
9534
9096
8658
8218
7780
7342
6904
6466
6028
5588
5150
4712
4274
3836
3398
2958
2520
2082
1644
1206
768
328
0
0
0
0
0
0
0
0
0
0
0
0
0
0
0
0
0
0
0
0
0
0
0
0
0
0
0
0
0
0
0
0
0
0
0
0
0
0
0
0
0
0
0
0
0
0
0
0
0
0
0
0
0
0
0
0
0
0
0
0
0
0
0
0
0
0
0
0
0
0
0
0
0
0
0
0
0
0
0
0
0
0
0
0
0
0
0
0
0
0
0
0
0
0
0
0
0
0
0
0
0
0
0
0
0
0
0
0
0
0
0
0
0
0
0
0
0
0
0
0
0
0
0
0
0
0
0
0
0
0
0
0
0
0
0
0
0
0
0
0
0
0
0
0
0
0
0
0
0
0
0
0
0
0
0
0
0
0
0
0
0
0
0
0
0
0
0
0
0
0
0
0
0
0
0
0
0
0
0
0
0
0
0
0
0
0
0
0
0
0
0
0
0
0
0
0
0
0
0
0
0
0
0
0
0
0
0
0
0
0
0
0
0
0
0
0
0
0
0
0
0
0
0
0
0
0
0
0
0
0
0
0
0
0
0
0
0
0
0
0
0
0
0
0
0
0
0
0
0
0
0
0
0
0
0
0
0
0
0
0
0
0
0
0
0
0
0
0
0
0
0
0
0
0
0
0
0
0
0
0
0
0
0
0
0
0
0
0
0
0
0
0
0
0
0
0
0
0
0
0
0
0
0
0
0
0
0
0
0
0
0
0
0
0
0
0
0
0
0
0
0
0
0
0
0
0
0
0
0
0
0
0
0
0
0
0
0
0
0
0
0
0
0
0
0
0
0
0
0
0
0
-438
-876
-1316
-1754
-2192
-2630
-3068
-3506
-3946
-4384
-4822
-5260
-5698
-6136
-6576
-7014
-7452
-7890
-8328
-8766
-9206
-9644
-10082
-10520
-10958
-11396
-11836
-12274
-12712
-13150
-13588
-14026
-14466
-14904
-15342
-15780
-16218
-16656
-17096
-17534
-17972
-18410
-18848
-19288
-19726
-20164
-20602
-21040
-21478
-21918
-22356
-22794
-23232
-23670
-24108
-24548
-24986
-25424
-25862
-26300
-26738
-27178
-27616
-28054
-28492
-28930
-29368
-29808
-30246
-30684
-31122
-31560
-31998
-32438
-32766
-32328
-31890
-31450
-31012
-30574
-30136
-29698
-29260
-28820
-28382
-27944
-27506
-27068
-26630
-26190
-25752
-25314
-24876
-24438
-24000
-23560
-23122
-22684
-22246
-21808
-21370
-20930
-20492
-20054
-19616
-19178
-18740
-18300
-17862
-17424
-16986
-16548
-16110
-15670
-15232
-14794
-14356
-13918
-13478
-13040
-12602
-12164
-11726
-11288
-10848
-10410
-9972
-9534
-9096
-8658
-8218
-7780
-7342
-6904
-6466
-6028
-5588
-5150
-4712
-4274
-3836
-3398
-2958
-2520
-2082
-1644
-1206
-768
-328
0
0
0
0
0
0
0
0
0
0
0
0
0
0
0
0
0
0
0
0
0
0
0
0
0
0
0
0
0
0
0
0
0
0
0
0
0
0
0
0
0
0
0
0
0
0
0
0
0
0
0
0
0
0
0
0
0
0
0
0
0
0
0
0
0
0
0
0
0
0
0
0
0
0
0
0
0
0
0
0
0
0
0
0
0
0
0
0
0
0
0
0
0
0
0
0
0
0
0
0
0
438
876
1316
1754
2192
2630
3068
3506
3946
4384
4822
5260
5698
6136
6576
7014
7452
7890
8328
8766
9206
9644
10082
10520
10958
11396
11836
12274
12712
13150
13588
14026
14466
14904
15342
15780
16218
16656
17096
17534
17972
18410
18848
19288
19726
20164
20602
21040
21478
21918
22356
22794
23232
23670
24108
24548
24986
25424
25862
26300
26738
27178
27616
28054
28492
28930
29368
29808
30246
30684
31122
31560
31998
32438
32766
32328
31890
31450
31012
30574
30136
29698
29260
28820
28382
27944
27506
27068
26630
26190
25752
25314
24876
24438
24000
23560
23122
22684
22246
21808
21370
20930
20492
20054
19616
19178
18740
18300
17862
17424
16986
16548
16110
15670
15232
14794
14356
13918
13478
13040
12602
12164
11726
11288
10848
10410
9972
9534
9096
8658
8218
7780
7342
6904
6466
6028
5588
5150
4712
4274
3836
3398
2958
2520
2082
1644
1206
768
328
0
0
0
0
0
0
0
0
0
0
0
0
0
0
0
0
0
0
0
0
0
0
0
0
0
0
0
0
0
0
0
0
0
0
0
0
0
0
0
0
0
0
0
0
0
0
0
0
0
0
0
0
0
0
0
0
0
0
0
0
0
0
0
0
0
0
0
0
0
0
0
0
0
0
0
0
0
0
0
0
0
0
0
0
0
0
0
0
0
0
0
0
0
0
0
0
0
0
0
0
0
0
0
0
0
0
0
0
0
0
0
0
0
0
0
0
0
0
0
0
0
0
0
0
0
0
0
0
0
0
0
0
0
0
0
0
0
0
0
0
0
0
0
0
0
0
0
0
0
0
0
0
0
0
0
0
0
0
0
0
0
0
0
0
0
0
0
0
0
0
0
0
0
0
0
0
0
0
0
0
0
0
0
0
0
0
0
0
0
0
0
0
0
0
0
0
0
0
0
0
0
0
0
0
0
0
0
0
0
0
0
0
0
0
0
0
0
0
0
0
0
0
0
0
0
0
0
0
0
0
0
0
0
0
0
0
0
0
0
0
0
0
0
0
0
0
0
0
0
0
0
0
0
0
0
0
0
0
0
0
0
0
0
0
0
0
0
0
0
0
0
0
0
0
0
0
0
0
0
0
0
0
0
0
0
0
0
0
0
0
0
0
0
0
0
0
0
0
0
0
0
0
0
0
0
0
0
0
0
0
0
0
0
0
0
0
0
0
0
0
0
0
0
0
0
0
0
0
0
0
0
0
0
0
0
0
0
0
0
0
0
0
0
0
0
0
0
0
0
0
0
-438
-876
-1316
-1754
-2192
-2630
-3068
-3506
-3946
-4384
-4822
-5260
-5698
-6136
-6576
-7014
-7452
-7890
-8328
-8766
-9206
-9644
-10082
-10520
-10958
-11396
-11836
-12274
-12712
-13150
-13588
-14026
-14466
-14904
-15342
-15780
-16218
-16656
-17096
-17534
-17972
-18410
-18848
-19288
-19726
-20164
-20602
-21040
-21478
-21918
-22356
-22794
-23232
-23670
-24108
-24548
-24986
-25424
-25862
-26300
-26738
-27178
-27616
-28054
-28492
-28930
-29368
-29808
-30246
-30684
-31122
-31560
-31998
-32438
-32766
-32328
-31890
-31450
-31012
-30574
-30136
-29698
-29260
-28820
-28382
-27944
-27506
-27068
-26630
-26190
-25752
-25314
-24876
-24438
-24000
-23560
-23122
-22684
-22246
-21808
-21370
-20930
-20492
-20054
-19616
-19178
-18740
-18300
-17862
-17424
-16986
-16548
-16110
-15670
-15232
-14794
-14356
-13918
-13478
-13040
-12602
-12164
-11726
-11288
-10848
-10410
-9972
-9534
-9096
-8658
-8218
-7780
-7342
-6904
-6466
-6028
-5588
-5150
-4712
-4274
-3836
-3398
-2958
-2520
-2082
-1644
-1206
-768
-328
0
0
0
0
0
0
0
0
0
0
0
0
0
0
0
0
0
0
0
0
0
0
0
0
0
0
0
0
0
0
0
0
0
0
0
0
0
0
0
0
0
0
0
0
0
0
0
0
0
0
0
0
0
0
0
0
0
0
0
0
0
0
0
0
0
0
0
0
0
0
0
0
0
0
0
0
0
0
0
0
0
0
0
0
0
0
0
0
0
0
0
0
0
0
0
0
0
0
0
0
0
0
0
0
0
0
0
0
0
0
0
0
0
0
0
0
0
0
0
0
0
0
0
0
0
0
0
0
0
0
0
0
0
0
0
0
0
0
0
0
0
438
876
1316
1754
2192
2630
3068
3506
3946
4384
4822
5260
5698
6136
6576
7014
7452
7890
8328
8766
9206
9644
10082
10520
10958
11396
11836
12274
12712
13150
13588
14026
14466
14904
15342
15780
16218
16656
17096
17534
17972
18410
18848
19288
19726
20164
20602
21040
21478
21918
22356
22794
23232
23670
24108
24548
24986
25424
25862
26300
26738
27178
27616
28054
28492
28930
29368
29808
30246
30684
31122
31560
31998
32438
32766
32328
31890
31450
31012
30574
30136
29698
29260
28820
28382
27944
27506
27068
26630
26190
25752
25314
24876
24438
24000
23560
23122
22684
22246
21808
21370
20930
20492
20054
19616
19178
18740
18300
17862
17424
16986
16548
16110
15670
15232
14794
14356
13918
13478
13040
12602
12164
11726
11288
10848
10410
9972
9534
9096
8658
8218
7780
7342
6904
6466
6028
5588
5150
4712
4274
3836
3398
2958
2520
2082
1644
1206
768
328
0
0
0
0
0
0
0
0
0
0
0
0
0
0
0
0
0
0
0
0
0
0
0
0
0
0
0
0
0
0
0
0
0
0
0
0
0
0
0
0
0
0
0
0
0
0
0
0
0
0
0
0
0
0
0
0
0
0
0
0
0
0
0
0
0
0
0
0
0
0
0
0
0
0
0
0
0
0
0
0
0
0
0
0
0
0
0
0
0
0
0
0
0
0
0
0
0
0
0
0
0
0
0
0
0
0
0
0
0
0
0
0
0
0
0
0
0
0
0
0
0
0
0
0
0
0
0
0
0
0
0
0
0
0
0
0
0
0
0
0
0
0
0
0
0
0
0
0
0
0
0
0
0
0
0
0
0
0
0
0
0
0
0
0
0
0
0
0
0
0
0
0
0
0
0
0
0
0
0
0
0
0
0
0
0
0
0
0
0
0
0
0
0
0
0
0
0
0
0
0
0
0
0
0
0
0
0
0
0
0
0
0
0
0
0
0
0
0
0
0
0
0
0
0
0
0
0
0
0
0
0
0
0
0
0
0
0
0
0
0
0
0
0
0
0
0
0
0
0
0
0
0
0
0
0
0
0
0
0
0
0
0
0
0
0
0
0
0
0
0
0
0
0
0
0
0
0
0
0
0
0
0
0
0
0
0
0
0
0
0
0
0
0
0
0
0
0
0
0
0
0
0
0
0
0
0
0
0
0
0
0
0
0
0
0
0
0
0
0
0
0
0
0
0
0
0
0
0
0
0
0
0
0
0
0
0
0
0
0
0
0
0
0
0
0
0
0
0
0
0
0
-438
-876
-1316
-1754
-2192
-2630
-3068
-3506
-3946
-4384
-4822
-5260
-5698
-6136
-6576
-7014
-7452
-7890
-8328
-8766
-9206
-9644
-10082
-10520
-10958
-11396
-11836
-12274
-12712
-13150
-13588
-14026
-14466
-14904
-15342
-15780
-16218
-16656
-17096
-17534
-17972
-18410
-18848
-19288
-19726
-20164
-20602
-21040
-21478
-21918
-22356
-22794
-23232
-23670
-24108
-24548
-24986
-25424
-25862
-26300
-26738
-27178
-27616
-28054
-28492
-28930
-29368
-29808
-30246
-30684
-31122
-31560
-31998
-32438
-32766
-32328
-31890
-31450
-31012
-30574
-30136
-29698
-29260
-28820
-28382
-27944
-27506
-27068
-26630
-26190
-25752
-25314
-24876
-24438
-24000
-23560
-23122
-22684
-22246
-21808
-21370
-20930
-20492
-20054
-19616
-19178
-18740
-18300
-17862
-17424
-16986
-16548
-16110
-15670
-15232
-14794
-14356
-13918
-13478
-13040
-12602
-12164
-11726
-11288
-10848
-10410
-9972
-9534
-9096
-8658
-8218
-7780
-7342
-6904
-6466
-6028
-5588
-5150
-4712
-4274
-3836
-3398
-2958
-2520
-2082
-1644
-1206
-768
-328
0
0
0
0
0
0
0
0
0
0
0
0
0
0
0
0
0
0
0
0
0
0
0
0
0
0
0
0
0
0
0
0
0
0
0
0
0
0
0
0
0
0
0
0
0
0
0
0
0
0
0
0
0
0
0
0
0
0
0
0
0
0
0
0
0
0
0
0
0
0
0
0
0
0
0
0
0
0
0
0
0
0
0
0
0
0
0
0
0
0
0
0
0
0
0
0
0
0
0
0
0
438
876
1316
1754
2192
2630
3068
3506
3946
4384
4822
5260
5698
6136
6576
7014
7452
7890
8328
8766
9206
9644
10082
10520
10958
11396
11836
12274
12712
13150
13588
14026
14466
14904
15342
15780
16218
16656
17096
17534
17972
18410
18848
19288
19726
20164
20602
21040
21478
21918
22356
22794
23232
23670
24108
24548
24986
25424
25862
26300
26738
27178
27616
28054
28492
28930
29368
29808
30246
30684
31122
31560
31998
32438
32766
32328
31890
31450
31012
30574
30136
29698
29260
28820
28382
27944
27506
27068
26630
26190
25752
25314
24876
24438
24000
23560
23122
22684
22246
21808
21370
20930
20492
20054
19616
19178
18740
18300
17862
17424
16986
16548
16110
15670
15232
14794
14356
13918
13478
13040
12602
12164
11726
11288
10848
10410
9972
9534
9096
8658
8218
7780
7342
6904
6466
6028
5588
5150
4712
4274
3836
3398
2958
2520
2082
1644
1206
768
328
0
0
0
0
0
0
0
0
0
0
0
0
0
0
0
0
0
0
0
0
0
0
0
0
0
0
0
0
0
0
0
0
0
0
0
0
0
0
0
0
0
0
0
0
0
0
0
0
0
0
0
0
0
0
0
0
0
0
0
0
0
0
0
0
0
0
0
0
0
0
0
0
0
0
0
0
0
0
0
0
0
0
0
0
0
0
0
0
0
0
0
0
0
0
0
0
0
0
0
0
0
0
0
0
0
0
0
0
0
0
0
0
0
0
0
0
0
0
0
0
0
0
0
0
0
0
0
0
0
0
0
0
0
0
0
0
0
0
0
0
0
0
0
0
0
0
0
0
0
0
0
0
0
0
0
0
0
0
0
0
0
0
0
0
0
0
0
0
0
0
0
0
0
0
0
0
0
0
0
0
0
0
0
0
0
0
0
0
0
0
0
0
0
0
0
0
0
0
0
0
0
0
0
0
0
0
0
0
0
0
0
0
0
0
0
0
0
0
0
0
0
0
0
0
0
0
0
0
0
0
0
0
0
0
0
0
0
0
0
0
0
0
0
0
0
0
0
0
0
0
0
0
0
0
0
0
0
0
0
0
0
0
0
0
0
0
0
0
0
0
0
0
0
0
0
0
0
0
0
0
0
0
0
0
0
0
0
0
0
0
0
0
0
0
0
0
0
0
0
0
0
0
0
0
0
0
0
0
0
0
0
0
0
0
0
0
0
0
0
0
0
0
0
0
0
0
0
0
0
0
0
0
0
0
0
0
0
0
0
0
0
0
0
0
0
0
0
0
0
0
0
-438
-876
-1316
-1754
-2192
-2630
-3068
-3506
-3946
-4384
-4822
-5260
-5698
-6136
-6576
-7014
-7452
-7890
-8328
-8766
-9206
-9644
-10082
-10520
-10958
-11396
-11836
-12274
-12712
-13150
-13588
-14026
-14466
-14904
-15342
-15780
-16218
-16656
-17096
-17534
-17972
-18410
-18848
-19288
-19726
-20164
-20602
-21040
-21478
-21918
-22356
-22794
-23232
-23670
-24108
-24548
-24986
-25424
-25862
-26300
-26738
-27178
-27616
-28054
-28492
-28930
-29368
-29808
-30246
-30684
-31122
-31560
-31998
-32438
-32766
-32328
-31890
-31450
-31012
-30574
-30136
-29698
-29260
-28820
-28382
-27944
-27506
-27068
-26630
-26190
-25752
-25314
-24876
-24438
-24000
-23560
-23122
-22684
-22246
-21808
-21370
-20930
-20492
-20054
-19616
-19178
-18740
-18300
-17862
-17424
-16986
-16548
-16110
-15670
-15232
-14794
-14356
-13918
-13478
-13040
-12602
-12164
-11726
-11288
-10848
-10410
-9972
-9534
-9096
-8658
-8218
-7780
-7342
-6904
-6466
-6028
-5588
-5150
-4712
-4274
-3836
-3398
-2958
-2520
-2082
-1644
-1206
-768
-328
0
0
0
0
0
0
0
0
0
0
0
0
0
0
0
0
0
0
0
0
0
0
0
0
0
0
0
0
0
0
0
0
0
0
0
0
0
0
0
0
0
0
0
0
0
0
0
0
0
0
0
0
0
0
0
0
0
0
0
0
0
0
0
0
0
0
0
0
0
0
0
0
0
0
0
0
0
0
0
0
0
0
0
0
0
0
0
0
0
0
0
0
0
0
0
0
0
0
0
0
0
0
0
0
0
0
0
0
0
0
0
0
0
0
0
0
0
0
0
0
0
0
0
0
0
0
0
0
0
0
0
0
0
0
0
0
0
0
0
0
0
438
876
1316
1754
2192
2630
3068
3506
3946
4384
4822
5260
5698
6136
6576
7014
7452
7890
8328
8766
9206
9644
10082
10520
10958
11396
11836
12274
12712
13150
13588
14026
14466
14904
15342
15780
16218
16656
17096
17534
17972
18410
18848
19288
19726
20164
20602
21040
21478
21918
22356
22794
23232
23670
24108
24548
24986
25424
25862
26300
26738
27178
27616
28054
28492
28930
29368
29808
30246
30684
31122
31560
31998
32438
32766
32328
31890
31450
31012
30574
30136
29698
29260
28820
28382
27944
27506
27068
26630
26190
25752
25314
24876
24438
24000
23560
23122
22684
22246
21808
21370
20930
20492
20054
19616
19178
18740
18300
17862
17424
16986
16548
16110
15670
15232
14794
14356
13918
13478
13040
12602
12164
11726
11288
10848
10410
9972
9534
9096
8658
8218
7780
7342
6904
6466
6028
5588
5150
4712
4274
3836
3398
2958
2520
2082
1644
1206
768
328
0
0
0
0
0
0
0
0
0
0
0
0
0
0
0
0
0
0
0
0
0
0
0
0
0
0
0
0
0
0
0
0
0
0
0
0
0
0
0
0
0
0
0
0
0
0
0
0
0
0
0
0
0
0
0
0
0
0
0
0
0
0
0
0
0
0
0
0
0
0
0
0
0
0
0
0
0
0
0
0
0
0
0
0
0
0
0
0
0
0
0
0
0
0
0
0
0
0
0
0
0
0
0
0
0
0
0
0
0
0
0
0
0
0
0
0
0
0
0
0
0
0
0
0
0
0
0
0
0
0
0
0
0
0
0
0
0
0
0
0
0
0
0
0
0
0
0
0
0
0
0
0
0
0
0
0
0
0
0
0
0
0
0
0
0
0
0
0
0
0
0
0
0
0
0
0
0
0
0
0
0
0
0
0
0
0
0
0
0
0
0
0
0
0
0
0
0
0
0
0
0
0
0
0
0
0
0
0
0
0
0
0
0
0
0
0
0
0
0
0
0
0
0
0
0
0
0
0
0
0
0
0
0
0
0
0
0
0
0
0
0
0
0
0
0
0
0
0
0
0
0
0
0
0
0
0
0
0
0
0
0
0
0
0
0
0
0
0
0
0
0
0
0
0
0
0
0
0
0
0
0
0
0
0
0
0
0
0
0
0
0
0
0
0
0
0
0
0
0
0
0
0
0
0
0
0
0
0
0
0
0
0
0
0
0
0
0
0
0
0
0
0
0
0
0
0
0
0
0
0
0
0
0
0
0
0
0
0
0
0
0
0
0
0
0
0
0
0
0
0
0
-438
-876
-1316
-1754
-2192
-2630
-3068
-3506
-3946
-4384
-4822
-5260
-5698
-6136
-6576
-7014
-7452
-7890
-8328
-8766
-9206
-9644
-10082
-10520
-10958
-11396
-11836
-12274
-12712
-13150
-13588
-14026
-14466
-14904
-15342
-15780
-16218
-16656
-17096
-17534
-17972
-18410
-18848
-19288
-19726
-20164
-20602
-21040
-21478
-21918
-22356
-22794
-23232
-23670
-24108
-24548
-24986
-25424
-25862
-26300
-26738
-27178
-27616
-28054
-28492
-28930
-29368
-29808
-30246
-30684
-31122
-31560
-31998
-32438
-32766
-32328
-31890
-31450
-31012
-30574
-30136
-29698
-29260
-28820
-28382
-27944
-27506
-27068
-26630
-26190
-25752
-25314
-24876
-24438
-24000
-23560
-23122
-22684
-22246
-21808
-21370
-20930
-20492
-20054
-19616
-19178
-18740
-18300
-17862
-17424
-16986
-16548
-16110
-15670
-15232
-14794
-14356
-13918
-13478
-13040
-12602
-12164
-11726
-11288
-10848
-10410
-9972
-9534
-9096
-8658
-8218
-7780
-7342
-6904
-6466
-6028
-5588
-5150
-4712
-4274
-3836
-3398
-2958
-2520
-2082
-1644
-1206
-768
-328
0
0
0
0
0
0
0
0
0
0
0
0
0
0
0
0
0
0
0
0
0
0
0
0
0
0
0
0
0
0
0
0
0
0
0
0
0
0
0
0
0
0
0
0
0
0
0
0
0
0
0
0
0
0
0
0
0
0
0
0
0
0
0
0
0
0
0
0
0
0
0
0
0
0
0
0
0
0
0
0
0
0
0
0
0
0
0
0
0
0
0
0
0
0
0
0
0
0
0
0
0
438
876
1316
1754
2192
2630
3068
3506
3946
4384
4822
5260
5698
6136
6576
7014
7452
7890
8328
8766
9206
9644
10082
10520
10958
11396
11836
12274
12712
13150
13588
14026
14466
14904
15342
15780
16218
16656
17096
17534
17972
18410
18848
19288
19726
20164
20602
21040
21478
21918
22356
22794
23232
23670
24108
24548
24986
25424
25862
26300
26738
27178
27616
28054
28492
28930
29368
29808
30246
30684
31122
31560
31998
32438
32766
32328
31890
31450
31012
30574
30136
29698
29260
28820
28382
27944
27506
27068
26630
26190
25752
25314
24876
24438
24000
23560
23122
22684
22246
21808
21370
20930
20492
20054
19616
19178
18740
18300
17862
17424
16986
16548
16110
15670
15232
14794
14356
13918
13478
13040
12602
12164
11726
11288
10848
10410
9972
9534
9096
8658
8218
7780
7342
6904
6466
6028
5588
5150
4712
4274
3836
3398
2958
2520
2082
1644
1206
768
328
0
0
0
0
0
0
0
0
0
0
0
0
0
0
0
0
0
0
0
0
0
0
0
0
0
0
0
0
0
0
0
0
0
0
0
0
0
0
0
0
0
0
0
0
0
0
0
0
0
0
0
0
0
0
0
0
0
0
0
0
0
0
0
0
0
0
0
0
0
0
0
0
0
0
0
0
0
0
0
0
0
0
0
0
0
0
0
0
0
0
0
0
0
0
0
0
0
0
0
0
0
0
0
0
0
0
0
0
0
0
0
0
0
0
0
0
0
0
0
0
0
0
0
0
0
0
0
0
0
0
0
0
0
0
0
0
0
0
0
0
0
0
0
0
0
0
0
0
0
0
0
0
0
0
0
0
0
0
0
0
0
0
0
0
0
0
0
0
0
0
0
0
0
0
0
0
0
0
0
0
0
0
0
0
0
0
0
0
0
0
0
0
0
0
0
0
0
0
0
0
0
0
0
0
0
0
0
0
0
0
0
0
0
0
0
0
0
0
0
0
0
0
0
0
0
0
0
0
0
0
0
0
0
0
0
0
0
0
0
0
0
0
0
0
0
0
0
0
0
0
0
0
0
0
0
0
0
0
0
0
0
0
0
0
0
0
0
0
0
0
0
0
0
0
0
0
0
0
0
0
0
0
0
0
0
0
0
0
0
0
0
0
0
0
0
0
0
0
0
0
0
0
0
0
0
0
0
0
0
0
0
0
0
0
0
0
0
0
0
0
0
0
0
0
0
0
0
0
0
0
0
0
0
0
0
0
0
0
0
0
0
0
0
0
0
0
0
0
0
0
0
-438
-876
-1316
-1754
-2192
-2630
-3068
-3506
-3946
-4384
-4822
-5260
-5698
-6136
-6576
-7014
-7452
-7890
-8328
-8766
-9206
-9644
-10082
-10520
-10958
-11396
-11836
-12274
-12712
-13150
-13588
-14026
-14466
-14904
-15342
-15780
-16218
-16656
-17096
-17534
-17972
-18410
-18848
-19288
-19726
-20164
-20602
-21040
-21478
-21918
-22356
-22794
-23232
-23670
-24108
-24548
-24986
-25424
-25862
-26300
-26738
-27178
-27616
-28054
-28492
-28930
-29368
-29808
-30246
-30684
-31122
-31560
-31998
-32438
-32766
-32328
-31890
-31450
-31012
-30574
-30136
-29698
-29260
-28820
-28382
-27944
-27506
-27068
-26630
-26190
-25752
-25314
-24876
-24438
-24000
-23560
-23122
-22684
-22246
-21808
-21370
-20930
-20492
-20054
-19616
-19178
-18740
-18300
-17862
-17424
-16986
-16548
-16110
-15670
-15232
-14794
-14356
-13918
-13478
-13040
-12602
-12164
-11726
-11288
-10848
-10410
-9972
-9534
-9096
-8658
-8218
-7780
-7342
-6904
-6466
-6028
-5588
-5150
-4712
-4274
-3836
-3398
-2958
-2520
-2082
-1644
-1206
-768
-328
0
0
0
0
0
0
0
0
0
0
0
0
0
0
0
0
0
0
0
0
0
0
0
0
0
0
0
0
0
0
0
0
0
0
0
0
0
0
0
0
0
0
0
0
0
0
0
0
0
0
0
0
0
0
0
0
0
0
0
0
0
0
0
0
0
0
0
0
0
0
0
0
0
0
0
0
0
0
0
0
0
0
0
0
0
0
0
0
0
0
0
0
0
0
0
0
0
0
0
0
0
0
0
0
0
0
0
0
0
0
0
0
0
0
0
0
0
0
0
0
0
0
0
0
0
0
0
0
0
0
0
0
0
0
0
0
0
0
0
0
0
438
876
1316
1754
2192
2630
3068
3506
3946
4384
4822
5260
5698
6136
6576
7014
7452
7890
8328
8766
9206
9644
10082
10520
10958
11396
11836
12274
12712
13150
13588
14026
14466
14904
15342
15780
16218
16656
17096
17534
17972
18410
18848
19288
19726
20164
20602
21040
21478
21918
22356
22794
23232
23670
24108
24548
24986
25424
25862
26300
26738
27178
27616
28054
28492
28930
29368
29808
30246
30684
31122
31560
31998
32438
32766
32328
31890
31450
31012
30574
30136
29698
29260
28820
28382
27944
27506
27068
26630
26190
25752
25314
24876
24438
24000
23560
23122
22684
22246
21808
21370
20930
20492
20054
19616
19178
18740
18300
17862
17424
16986
16548
16110
15670
15232
14794
14356
13918
13478
13040
12602
12164
11726
11288
10848
10410
9972
9534
9096
8658
8218
7780
7342
6904
6466
6028
5588
5150
4712
4274
3836
3398
2958
2520
2082
1644
1206
768
328
0
0
0
0
0
0
0
0
0
0
0
0
0
0
0
0
0
0
0
0
0
0
0
0
0
0
0
0
0
0
0
0
0
0
0
0
0
0
0
0
0
0
0
0
0
0
0
0
0
0
0
0
0
0
0
0
0
0
0
0
0
0
0
0
0
0
0
0
0
0
0
0
0
0
0
0
0
0
0
0
0
0
0
0
0
0
0
0
0
0
0
0
0
0
0
0
0
0
0
0
0
0
0
0
0
0
0
0
0
0
0
0
0
0
0
0
0
0
0
0
0
0
0
0
0
0
0
0
0
0
0
0
0
0
0
0
0
0
0
0
0
0
0
0
0
0
0
0
0
0
0
0
0
0
0
0
0
0
0
0
0
0
0
0
0
0
0
0
0
0
0
0
0
0
0
0
0
0
0
0
0
0
0
0
0
0
0
0
0
0
0
0
0
0
0
0
0
0
0
0
0
0
0
0
0
0
0
0
0
0
0
0
0
0
0
0
0
0
0
0
0
0
0
0
0
0
0
0
0
0
0
0
0
0
0
0
0
0
0
0
0
0
0
0
0
0
0
0
0
0
0
0
0
0
0
0
0
0
0
0
0
0
0
0
0
0
0
0
0
0
0
0
0
0
0
0
0
0
0
0
0
0
0
0
0
0
0
0
0
0
0
0
0
0
0
0
0
0
0
0
0
0
0
0
0
0
0
0
0
0
0
0
0
0
0
0
0
0
0
0
0
0
0
0
0
0
0
0
0
0
0
0
0
0
0
0
0
0
0
0
0
0
0
0
0
0
0
0
0
0
0
-438
-876
-1316
-1754
-2192
-2630
-3068
-3506
-3946
-4384
-4822
-5260
-5698
-6136
-6576
-7014
-7452
-7890
-8328
-8766
-9206
-9644
-10082
-10520
-10958
-11396
-11836
-12274
-12712
-13150
-13588
-14026
-14466
-14904
-15342
-15780
-16218
-16656
-17096
-17534
-17972
-18410
-18848
-19288
-19726
-20164
-20602
-21040
-21478
-21918
-22356
-22794
-23232
-23670
-24108
-24548
-24986
-25424
-25862
-26300
-26738
-27178
-27616
-28054
-28492
-28930
-29368
-29808
-30246
-30684
-31122
-31560
-31998
-32438
-32766
-32328
-31890
-31450
-31012
-30574
-30136
-29698
-29260
-28820
-28382
-27944
-27506
-27068
-26630
-26190
-25752
-25314
-24876
-24438
-24000
-23560
-23122
-22684
-22246
-21808
-21370
-20930
-20492
-20054
-19616
-19178
-18740
-18300
-17862
-17424
-16986
-16548
-16110
-15670
-15232
-14794
-14356
-13918
-13478
-13040
-12602
-12164
-11726
-11288
-10848
-10410
-9972
-9534
-9096
-8658
-8218
-7780
-7342
-6904
-6466
-6028
-5588
-5150
-4712
-4274
-3836
-3398
-2958
-2520
-2082
-1644
-1206
-768
-328
0
0
0
0
0
0
0
0
0
0
0
0
0
0
0
0
0
0
0
0
0
0
0
0
0
0
0
0
0
0
0
0
0
0
0
0
0
0
0
0
0
0
0
0
0
0
0
0
0
0
0
0
0
0
0
0
0
0
0
0
0
0
0
0
0
0
0
0
0
0
0
0
0
0
0
0
0
0
0
0
0
0
0
0
0
0
0
0
0
0
0
0
0
0
0
0
0
0
0
0
0
438
876
1316
1754
2192
2630
3068
3506
3946
4384
4822
5260
5698
6136
6576
7014
7452
7890
8328
8766
9206
9644
10082
10520
10958
11396
11836
12274
12712
13150
13588
14026
14466
14904
15342
15780
16218
16656
17096
17534
17972
18410
18848
19288
19726
20164
20602
21040
21478
21918
22356
22794
23232
23670
24108
24548
24986
25424
25862
26300
26738
27178
27616
28054
28492
28930
29368
29808
30246
30684
31122
31560
31998
32438
32766
32328
31890
31450
31012
30574
30136
29698
29260
28820
28382
27944
27506
27068
26630
26190
25752
25314
24876
24438
24000
23560
23122
22684
22246
21808
21370
20930
20492
20054
19616
19178
18740
18300
17862
17424
16986
16548
16110
15670
15232
14794
14356
13918
13478
13040
12602
12164
11726
11288
10848
10410
9972
9534
9096
8658
8218
7780
7342
6904
6466
6028
5588
5150
4712
4274
3836
3398
2958
2520
2082
1644
1206
768
328
0
0
0
0
0
0
0
0
0
0
0
0
0
0
0
0
0
0
0
0
0
0
0
0
0
0
0
0
0
0
0
0
0
0
0
0
0
0
0
0
0
0
0
0
0
0
0
0
0
0
0
0
0
0
0
0
0
0
0
0
0
0
0
0
0
0
0
0
0
0
0
0
0
0
0
0
0
0
0
0
0
0
0
0
0
0
0
0
0
0
0
0
0
0
0
0
0
0
0
0
0
0
0
0
0
0
0
0
0
0
0
0
0
0
0
0
0
0
0
0
0
0
0
0
0
0
0
0
0
0
0
0
0
0
0
0
0
0
0
0
0
0
0
0
0
0
0
0
0
0
0
0
0
0
0
0
0
0
0
0
0
0
0
0
0
0
0
0
0
0
0
0
0
0
0
0
0
0
0
0
0
0
0
0
0
0
0
0
0
0
0
0
0
0
0
0
0
0
0
0
0
0
0
0
0
0
0
0
0
0
0
0
0
0
0
0
0
0
0
0
0
0
0
0
0
0
0
0
0
0
0
0
0
0
0
0
0
0
0
0
0
0
0
0
0
0
0
0
0
0
0
0
0
0
0
0
0
0
0
0
0
0
0
0
0
0
0
0
0
0
0
0
0
0
0
0
0
0
0
0
0
0
0
0
0
0
0
0
0
0
0
0
0
0
0
0
0
0
0
0
0
0
0
0
0
0
0
0
0
0
0
0
0
0
0
0
0
0
0
0
0
0
0
0
0
0
0
0
0
0
0
0
0
0
0
0
0
0
0
0
0
0
0
0
0
0
0
0
0
0
0
-438
-876
-1316
-1754
-2192
-2630
-3068
-3506
-3946
-4384
-4822
-5260
-5698
-6136
-6576
-7014
-7452
-7890
-8328
-8766
-9206
-9644
-10082
-10520
-10958
-11396
-11836
-12274
-12712
-13150
-13588
-14026
-14466
-14904
-15342
-15780
-16218
-16656
-17096
-17534
-17972
-18410
-18848
-19288
-19726
-20164
-20602
-21040
-21478
-21918
-22356
-22794
-23232
-23670
-24108
-24548
-24986
-25424
-25862
-26300
-26738
-27178
-27616
-28054
-28492
-28930
-29368
-29808
-30246
-30684
-31122
-31560
-31998
-32438
-32766
-32328
-31890
-31450
-31012
-30574
-30136
-29698
-29260
-28820
-28382
-27944
-27506
-27068
-26630
-26190
-25752
-25314
-24876
-24438
-24000
-23560
-23122
-22684
-22246
-21808
-21370
-20930
-20492
-20054
-19616
-19178
-18740
-18300
-17862
-17424
-16986
-16548
-16110
-15670
-15232
-14794
-14356
-13918
-13478
-13040
-12602
-12164
-11726
-11288
-10848
-10410
-9972
-9534
-9096
-8658
-8218
-7780
-7342
-6904
-6466
-6028
-5588
-5150
-4712
-4274
-3836
-3398
-2958
-2520
-2082
-1644
-1206
-768
-328
0
0
0
0
0
0
0
0
0
0
0
0
0
0
0
0
0
0
0
0
0
0
0
0
0
0
0
0
0
0
0
0
0
0
0
0
0
0
0
0
0
0
0
0
0
0
0
0
0
0
0
0
0
0
0
0
0
0
0
0
0
0
0
0
0
0
0
0
0
0
0
0
0
0
0
0
0
0
0
0
0
0
0
0
0
0
0
0
0
0
0
0
0
0
0
0
0
0
0
0
0
0
0
0
0
0
0
0
0
0
0
0
0
0
0
0
0
0
0
0
0
0
0
0
0
0
0
0
0
0
0
0
0
0
0
0
0
0
0
0
0
438
876
1316
1754
2192
2630
3068
3506
3946
4384
4822
5260
5698
6136
6576
7014
7452
7890
8328
8766
9206
9644
10082
10520
10958
11396
11836
12274
12712
13150
13588
14026
14466
14904
15342
15780
16218
16656
17096
17534
17972
18410
18848
19288
19726
20164
20602
21040
21478
21918
22356
22794
23232
23670
24108
24548
24986
25424
25862
26300
26738
27178
27616
28054
28492
28930
29368
29808
30246
30684
31122
31560
31998
32438
32766
32328
31890
31450
31012
30574
30136
29698
29260
28820
28382
27944
27506
27068
26630
26190
25752
25314
24876
24438
24000
23560
23122
22684
22246
21808
21370
20930
20492
20054
19616
19178
18740
18300
17862
17424
16986
16548
16110
15670
15232
14794
14356
13918
13478
13040
12602
12164
11726
11288
10848
10410
9972
9534
9096
8658
8218
7780
7342
6904
6466
6028
5588
5150
4712
4274
3836
3398
2958
2520
2082
1644
1206
768
328
0
0
0
0
0
0
0
0
0
0
0
0
0
0
0
0
0
0
0
0
0
0
0
0
0
0
0
0
0
0
0
0
0
0
0
0
0
0
0
0
0
0
0
0
0
0
0
0
0
0
0
0
0
0
0
0
0
0
0
0
0
0
0
0
0
0
0
0
0
0
0
0
0
0
0
0
0
0
0
0
0
0
0
0
0
0
0
0
0
0
0
0
0
0
0
0
0
0
0
0
0
0
0
0
0
0
0
0
0
0
0
0
0
0
0
0
0
0
0
0
0
0
0
0
0
0
0
0
0
0
0
0
0
0
0
0
0
0
0
0
0
0
0
0
0
0
0
0
0
0
0
0
0
0
0
0
0
0
0
0
0
0
0
0
0
0
0
0
0
0
0
0
0
0
0
0
0
0
0
0
0
0
0
0
0
0
0
0
0
0
0
0
0
0
0
0
0
0
0
0
0
0
0
0
0
0
0
0
0
0
0
0
0
0
0
0
0
0
0
0
0
0
0
0
0
0
0
0
0
0
0
0
0
0
0
0
0
0
0
0
0
0
0
0
0
0
0
0
0
0
0
0
0
0
0
0
0
0
0
0
0
0
0
0
0
0
0
0
0
0
0
0
0
0
0
0
0
0
0
0
0
0
0
0
0
0
0
0
0
0
0
0
0
0
0
0
0
0
0
0
0
0
0
0
0
0
0
0
0
0
0
0
0
0
0
0
0
0
0
0
0
0
0
0
0
0
0
0
0
0
0
0
0
0
0
0
0
0
0
0
0
0
0
0
0
0
0
0
0
0
0
-438
-876
-1316
-1754
-2192
-2630
-3068
-3506
-3946
-4384
-4822
-5260
-5698
-6136
-6576
-7014
-7452
-7890
-8328
-8766
-9206
-9644
-10082
-10520
-10958
-11396
-11836
-12274
-12712
-13150
-13588
-14026
-14466
-14904
-15342
-15780
-16218
-16656
-17096
-17534
-17972
-18410
-18848
-19288
-19726
-20164
-20602
-21040
-21478
-21918
-22356
-22794
-23232
-23670
-24108
-24548
-24986
-25424
-25862
-26300
-26738
-27178
-27616
-28054
-28492
-28930
-29368
-29808
-30246
-30684
-31122
-31560
-31998
-32438
-32766
-32328
-31890
-31450
-31012
-30574
-30136
-29698
-29260
-28820
-28382
-27944
-27506
-27068
-26630
-26190
-25752
-25314
-24876
-24438
-24000
-23560
-23122
-22684
-22246
-21808
-21370
-20930
-20492
-20054
-19616
-19178
-18740
-18300
-17862
-17424
-16986
-16548
-16110
-15670
-15232
-14794
-14356
-13918
-13478
-13040
-12602
-12164
-11726
-11288
-10848
-10410
-9972
-9534
-9096
-8658
-8218
-7780
-7342
-6904
-6466
-6028
-5588
-5150
-4712
-4274
-3836
-3398
-2958
-2520
-2082
-1644
-1206
-768
-328
0
0
0
0
0
0
0
0
0
0
0
0
0
0
0
0
0
0
0
0
0
0
0
0
0
0
0
0
0
0
0
0
0
0
0
0
0
0
0
0
0
0
0
0
0
0
0
0
0
0
0
0
0
0
0
0
0
0
0
0
0
0
0
0
0
0
0
0
0
0
0
0
0
0
0
0
0
0
0
0
0
0
0
0
0
0
0
0
0
0
0
0
0
0
0
0
0
0
0
0
0
438
876
1316
1754
2192
2630
3068
3506
3946
4384
4822
5260
5698
6136
6576
7014
7452
7890
8328
8766
9206
9644
10082
10520
10958
11396
11836
12274
12712
13150
13588
14026
14466
14904
15342
15780
16218
16656
17096
17534
17972
18410
18848
19288
19726
20164
20602
21040
21478
21918
22356
22794
23232
23670
24108
24548
24986
25424
25862
26300
26738
27178
27616
28054
28492
28930
29368
29808
30246
30684
31122
31560
31998
32438
32766
32328
31890
31450
31012
30574
30136
29698
29260
28820
28382
27944
27506
27068
26630
26190
25752
25314
24876
24438
24000
23560
23122
22684
22246
21808
21370
20930
20492
20054
19616
19178
18740
18300
17862
17424
16986
16548
16110
15670
15232
14794
14356
13918
13478
13040
12602
12164
11726
11288
10848
10410
9972
9534
9096
8658
8218
7780
7342
6904
6466
6028
5588
5150
4712
4274
3836
3398
2958
2520
2082
1644
1206
768
328
0
0
0
0
0
0
0
0
0
0
0
0
0
0
0
0
0
0
0
0
0
0
0
0
0
0
0
0
0
0
0
0
0
0
0
0
0
0
0
0
0
0
0
0
0
0
0
0
0
0
0
0
0
0
0
0
0
0
0
0
0
0
0
0
0
0
0
0
0
0
0
0
0
0
0
0
0
0
0
0
0
0
0
0
0
0
0
0
0
0
0
0
0
0
0
0
0
0
0
0
0
0
0
0
0
0
0
0
0
0
0
0
0
0
0
0
0
0
0
0
0
0
0
0
0
0
0
0
0
0
0
0
0
0
0
0
0
0
0
0
0
0
0
0
0
0
0
0
0
0
0
0
0
0
0
0
0
0
0
0
0
0
0
0
0
0
0
0
0
0
0
0
0
0
0
0
0
0
0
0
0
0
0
0
0
0
0
0
0
0
0
0
0
0
0
0
0
0
0
0
0
0
0
0
0
0
0
0
0
0
0
0
0
0
0
0
0
0
0
0
0
0
0
0
0
0
0
0
0
0
0
0
0
0
0
0
0
0
0
0
0
0
0
0
0
0
0
0
0
0
0
0
0
0
0
0
0
0
0
0
0
0
0
0
0
0
0
0
0
0
0
0
0
0
0
0
0
0
0
0
0
0
0
0
0
0
0
0
0
0
0
0
0
0
0
0
0
0
0
0
0
0
0
0
0
0
0
0
0
0
0
0
0
0
0
0
0
0
0
0
0
0
0
0
0
0
0
0
0
0
0
0
0
0
0
0
0
0
0
0
0
0
0
0
0
0
0
0
0
0
0
-438
-876
-1316
-1754
-2192
-2630
-3068
-3506
-3946
-4384
-4822
-5260
-5698
-6136
-6576
-7014
-7452
-7890
-8328
-8766
-9206
-9644
-10082
-10520
-10958
-11396
-11836
-12274
-12712
-13150
-13588
-14026
-14466
-14904
-15342
-15780
-16218
-16656
-17096
-17534
-17972
-18410
-18848
-19288
-19726
-20164
-20602
-21040
-21478
-21918
-22356
-22794
-23232
-23670
-24108
-24548
-24986
-25424
-25862
-26300
-26738
-27178
-27616
-28054
-28492
-28930
-29368
-29808
-30246
-30684
-31122
-31560
-31998
-32438
-32766
-32328
-31890
-31450
-31012
-30574
-30136
-29698
-29260
-28820
-28382
-27944
-27506
-27068
-26630
-26190
-25752
-25314
-24876
-24438
-24000
-23560
-23122
-22684
-22246
-21808
-21370
-20930
-20492
-20054
-19616
-19178
-18740
-18300
-17862
-17424
-16986
-16548
-16110
-15670
-15232
-14794
-14356
-13918
-13478
-13040
-12602
-12164
-11726
-11288
-10848
-10410
-9972
-9534
-9096
-8658
-8218
-7780
-7342
-6904
-6466
-6028
-5588
-5150
-4712
-4274
-3836
-3398
-2958
-2520
-2082
-1644
-1206
-768
-328
0
0
0
0
0
0
0
0
0
0
0
0
0
0
0
0
0
0
0
0
0
0
0
0
0
0
0
0
0
0
0
0
0
0
0
0
0
0
0
0
0
0
0
0
0
0
0
0
0
0
0
0
0
0
0
0
0
0
0
0
0
0
0
0
0
0
0
0
0
0
0
0
0
0
0
0
0
0
0
0
0
0
0
0
0
0
0
0
0
0
0
0
0
0
0
0
0
0
0
0
0
0
0
0
0
0
0
0
0
0
0
0
0
0
0
0
0
0
0
0
0
0
0
0
0
0
0
0
0
0
0
0
0
0
0
0
0
0
0
0
0
438
876
1316
1754
2192
2630
3068
3506
3946
4384
4822
5260
5698
6136
6576
7014
7452
7890
8328
8766
9206
9644
10082
10520
10958
11396
11836
12274
12712
13150
13588
14026
14466
14904
15342
15780
16218
16656
17096
17534
17972
18410
18848
19288
19726
20164
20602
21040
21478
21918
22356
22794
23232
23670
24108
24548
24986
25424
25862
26300
26738
27178
27616
28054
28492
28930
29368
29808
30246
30684
31122
31560
31998
32438
32766
32328
31890
31450
31012
30574
30136
29698
29260
28820
28382
27944
27506
27068
26630
26190
25752
25314
24876
24438
24000
23560
23122
22684
22246
21808
21370
20930
20492
20054
19616
19178
18740
18300
17862
17424
16986
16548
16110
15670
15232
14794
14356
13918
13478
13040
12602
12164
11726
11288
10848
10410
9972
9534
9096
8658
8218
7780
7342
6904
6466
6028
5588
5150
4712
4274
3836
3398
2958
2520
2082
1644
1206
768
328
0
0
0
0
0
0
0
0
0
0
0
0
0
0
0
0
0
0
0
0
0
0
0
0
0
0
0
0
0
0
0
0
0
0
0
0
0
0
0
0
0
0
0
0
0
0
0
0
0
0
0
0
0
0
0
0
0
0
0
0
0
0
0
0
0
0
0
0
0
0
0
0
0
0
0
0
0
0
0
0
0
0
0
0
0
0
0
0
0
0
0
0
0
0
0
0
0
0
0
0
0
0
0
0
0
0
0
0
0
0
0
0
0
0
0
0
0
0
0
0
0
0
0
0
0
0
0
0
0
0
0
0
0
0
0
0
0
0
0
0
0
0
0
0
0
0
0
0
0
0
0
0
0
0
0
0
0
0
0
0
0
0
0
0
0
0
0
0
0
0
0
0
0
0
0
0
0
0
0
0
0
0
0
0
0
0
0
0
0
0
0
0
0
0
0
0
0
0
0
0
0
0
0
0
0
0
0
0
0
0
0
0
0
0
0
0
0
0
0
0
0
0
0
0
0
0
0
0
0
0
0
0
0
0
0
0
0
0
0
0
0
0
0
0
0
0
0
0
0
0
0
0
0
0
0
0
0
0
0
0
0
0
0
0
0
0
0
0
0
0
0
0
0
0
0
0
0
0
0
0
0
0
0
0
0
0
0
0
0
0
0
0
0
0
0
0
0
0
0
0
0
0
0
0
0
0
0
0
0
0
0
0
0
0
0
0
0
0
0
0
0
0
0
0
0
0
0
0
0
0
0
0
0
0
0
0
0
0
0
0
0
0
0
0
0
0
0
0
0
0
0
-438
-876
-1316
-1754
-2192
-2630
-3068
-3506
-3946
-4384
-4822
-5260
-5698
-6136
-6576
-7014
-7452
-7890
-8328
-8766
-9206
-9644
-10082
-10520
-10958
-11396
-11836
-12274
-12712
-13150
-13588
-14026
-14466
-14904
-15342
-15780
-16218
-16656
-17096
-17534
-17972
-18410
-18848
-19288
-19726
-20164
-20602
-21040
-21478
-21918
-22356
-22794
-23232
-23670
-24108
-24548
-24986
-25424
-25862
-26300
-26738
-27178
-27616
-28054
-28492
-28930
-29368
-29808
-30246
-30684
-31122
-31560
-31998
-32438
-32766
-32328
-31890
-31450
-31012
-30574
-30136
-29698
-29260
-28820
-28382
-27944
-27506
-27068
-26630
-26190
-25752
-25314
-24876
-24438
-24000
-23560
-23122
-22684
-22246
-21808
-21370
-20930
-20492
-20054
-19616
-19178
-18740
-18300
-17862
-17424
-16986
-16548
-16110
-15670
-15232
-14794
-14356
-13918
-13478
-13040
-12602
-12164
-11726
-11288
-10848
-10410
-9972
-9534
-9096
-8658
-8218
-7780
-7342
-6904
-6466
-6028
-5588
-5150
-4712
-4274
-3836
-3398
-2958
-2520
-2082
-1644
-1206
-768
-328
0
0
0
0
0
0
0
0
0
0
0
0
0
0
0
0
0
0
0
0
0
0
0
0
0
0
0
0
0
0
0
0
0
0
0
0
0
0
0
0
0
0
0
0
0
0
0
0
0
0
0
0
0
0
0
0
0
0
0
0
0
0
0
0
0
0
0
0
0
0
0
0
0
0
0
0
0
0
0
0
0
0
0
0
0
0
0
0
0
0
0
0
0
0
0
0
0
0
0
0
0
438
876
1316
1754
2192
2630
3068
3506
3946
4384
4822
5260
5698
6136
6576
7014
7452
7890
8328
8766
9206
9644
10082
10520
10958
11396
11836
12274
12712
13150
13588
14026
14466
14904
15342
15780
16218
16656
17096
17534
17972
18410
18848
19288
19726
20164
20602
21040
21478
21918
22356
22794
23232
23670
24108
24548
24986
25424
25862
26300
26738
27178
27616
28054
28492
28930
29368
29808
30246
30684
31122
31560
31998
32438
32766
32328
31890
31450
31012
30574
30136
29698
29260
28820
28382
27944
27506
27068
26630
26190
25752
25314
24876
24438
24000
23560
23122
22684
22246
21808
21370
20930
20492
20054
19616
19178
18740
18300
17862
17424
16986
16548
16110
15670
15232
14794
14356
13918
13478
13040
12602
12164
11726
11288
10848
10410
9972
9534
9096
8658
8218
7780
7342
6904
6466
6028
5588
5150
4712
4274
3836
3398
2958
2520
2082
1644
1206
768
328
0
0
0
0
0
0
0
0
0
0
0
0
0
0
0
0
0
0
0
0
0
0
0
0
0
0
0
0
0
0
0
0
0
0
0
0
0
0
0
0
0
0
0
0
0
0
0
0
0
0
0
0
0
0
0
0
0
0
0
0
0
0
0
0
0
0
0
0
0
0
0
0
0
0
0
0
0
0
0
0
0
0
0
0
0
0
0
0
0
0
0
0
0
0
0
0
0
0
0
0
0
0
0
0
0
0
0
0
0
0
0
0
0
0
0
0
0
0
0
0
0
0
0
0
0
0
0
0
0
0
0
0
0
0
0
0
0
0
0
0
0
0
0
0
0
0
0
0
0
0
0
0
0
0
0
0
0
0
0
0
0
0
0
0
0
0
0
0
0
0
0
0
0
0
0
0
0
0
0
0
0
0
0
0
0
0
0
0
0
0
0
0
0
0
0
0
0
0
0
0
0
0
0
0
0
0
0
0
0
0
0
0
0
0
0
0
0
0
0
0
0
0
0
0
0
0
0
0
0
0
0
0
0
0
0
0
0
0
0
0
0
0
0
0
0
0
0
0
0
0
0
0
0
0
0
0
0
0
0
0
0
0
0
0
0
0
0
0
0
0
0
0
0
0
0
0
0
0
0
0
0
0
0
0
0
0
0
0
0
0
0
0
0
0
0
0
0
0
0
0
0
0
0
0
0
0
0
0
0
0
0
0
0
0
0
0
0
0
0
0
0
0
0
0
0
0
0
0
0
0
0
0
0
0
0
0
0
0
0
0
0
0
0
0
0
0
0
0
0
0
0
-438
-876
-1316
-1754
-2192
-2630
-3068
-3506
-3946
-4384
-4822
-5260
-5698
-6136
-6576
-7014
-7452
-7890
-8328
-8766
-9206
-9644
-10082
-10520
-10958
-11396
-11836
-12274
-12712
-13150
-13588
-14026
-14466
-14904
-15342
-15780
-16218
-16656
-17096
-17534
-17972
-18410
-18848
-19288
-19726
-20164
-20602
-21040
-21478
-21918
-22356
-22794
-23232
-23670
-24108
-24548
-24986
-25424
-25862
-26300
-26738
-27178
-27616
-28054
-28492
-28930
-29368
-29808
-30246
-30684
-31122
-31560
-31998
-32438
-32766
-32328
-31890
-31450
-31012
-30574
-30136
-29698
-29260
-28820
-28382
-27944
-27506
-27068
-26630
-26190
-25752
-25314
-24876
-24438
-24000
-23560
-23122
-22684
-22246
-21808
-21370
-20930
-20492
-20054
-19616
-19178
-18740
-18300
-17862
-17424
-16986
-16548
-16110
-15670
-15232
-14794
-14356
-13918
-13478
-13040
-12602
-12164
-11726
-11288
-10848
-10410
-9972
-9534
-9096
-8658
-8218
-7780
-7342
-6904
-6466
-6028
-5588
-5150
-4712
-4274
-3836
-3398
-2958
-2520
-2082
-1644
-1206
-768
-328
0
0
0
0
0
0
0
0
0
0
0
0
0
0
0
0
0
0
0
0
0
0
0
0
0
0
0
0
0
0
0
0
0
0
0
0
0
0
0
0
0
0
0
0
0
0
0
0
0
0
0
0
0
0
0
0
0
0
0
0
0
0
0
0
0
0
0
0
0
0
0
0
0
0
0
0
0
0
0
0
0
0
0
0
0
0
0
0
0
0
0
0
0
0
0
0
0
0
0
0
0
0
0
0
0
0
0
0
0
0
0
0
0
0
0
0
0
0
0
0
0
0
0
0
0
0
0
0
0
0
0
0
0
0
0
0
0
0
0
0
0
438
876
1316
1754
2192
2630
3068
3506
3946
4384
4822
5260
5698
6136
6576
7014
7452
7890
8328
8766
9206
9644
10082
10520
10958
11396
11836
12274
12712
13150
13588
14026
14466
14904
15342
15780
16218
16656
17096
17534
17972
18410
18848
19288
19726
20164
20602
21040
21478
21918
22356
22794
23232
23670
24108
24548
24986
25424
25862
26300
26738
27178
27616
28054
28492
28930
29368
29808
30246
30684
31122
31560
31998
32438
32766
32328
31890
31450
31012
30574
30136
29698
29260
28820
28382
27944
27506
27068
26630
26190
25752
25314
24876
24438
24000
23560
23122
22684
22246
21808
21370
20930
20492
20054
19616
19178
18740
18300
17862
17424
16986
16548
16110
15670
15232
14794
14356
13918
13478
13040
12602
12164
11726
11288
10848
10410
9972
9534
9096
8658
8218
7780
7342
6904
6466
6028
5588
5150
4712
4274
3836
3398
2958
2520
2082
1644
1206
768
328
0
0
0
0
0
0
0
0
0
0
0
0
0
0
0
0
0
0
0
0
0
0
0
0
0
0
0
0
0
0
0
0
0
0
0
0
0
0
0
0
0
0
0
0
0
0
0
0
0
0
0
0
0
0
0
0
0
0
0
0
0
0
0
0
0
0
0
0
0
0
0
0
0
0
0
0
0
0
0
0
0
0
0
0
0
0
0
0
0
0
0
0
0
0
0
0
0
0
0
0
0
0
0
0
0
0
0
0
0
0
0
0
0
0
0
0
0
0
0
0
0
0
0
0
0
0
0
0
0
0
0
0
0
0
0
0
0
0
0
0
0
0
0
0
0
0
0
0
0
0
0
0
0
0
0
0
0
0
0
0
0
0
0
0
0
0
0
0
0
0
0
0
0
0
0
0
0
0
0
0
0
0
0
0
0
0
0
0
0
0
0
0
0
0
0
0
0
0
0
0
0
0
0
0
0
0
0
0
0
0
0
0
0
0
0
0
0
0
0
0
0
0
0
0
0
0
0
0
0
0
0
0
0
0
0
0
0
0
0
0
0
0
0
0
0
0
0
0
0
0
0
0
0
0
0
0
0
0
0
0
0
0
0
0
0
0
0
0
0
0
0
0
0
0
0
0
0
0
0
0
0
0
0
0
0
0
0
0
0
0
0
0
0
0
0
0
0
0
0
0
0
0
0
0
0
0
0
0
0
0
0
0
0
0
0
0
0
0
0
0
0
0
0
0
0
0
0
0
0
0
0
0
0
0
0
0
0
0
0
0
0
0
0
0
0
0
0
0
0
0
0
-438
-876
-1316
-1754
-2192
-2630
-3068
-3506
-3946
-4384
-4822
-5260
-5698
-6136
-6576
-7014
-7452
-7890
-8328
-8766
-9206
-9644
-10082
-10520
-10958
-11396
-11836
-12274
-12712
-13150
-13588
-14026
-14466
-14904
-15342
-15780
-16218
-16656
-17096
-17534
-17972
-18410
-18848
-19288
-19726
-20164
-20602
-21040
-21478
-21918
-22356
-22794
-23232
-23670
-24108
-24548
-24986
-25424
-25862
-26300
-26738
-27178
-27616
-28054
-28492
-28930
-29368
-29808
-30246
-30684
-31122
-31560
-31998
-32438
-32766
-32328
-31890
-31450
-31012
-30574
-30136
-29698
-29260
-28820
-28382
-27944
-27506
-27068
-26630
-26190
-25752
-25314
-24876
-24438
-24000
-23560
-23122
-22684
-22246
-21808
-21370
-20930
-20492
-20054
-19616
-19178
-18740
-18300
-17862
-17424
-16986
-16548
-16110
-15670
-15232
-14794
-14356
-13918
-13478
-13040
-12602
-12164
-11726
-11288
-10848
-10410
-9972
-9534
-9096
-8658
-8218
-7780
-7342
-6904
-6466
-6028
-5588
-5150
-4712
-4274
-3836
-3398
-2958
-2520
-2082
-1644
-1206
-768
-328
0
0
0
0
0
0
0
0
0
0
0
0
0
0
0
0
0
0
0
0
0
0
0
0
0
0
0
0
0
0
0
0
0
0
0
0
0
0
0
0
0
0
0
0
0
0
0
0
0
0
0
0
0
0
0
0
0
0
0
0
0
0
0
0
0
0
0
0
0
0
0
0
0
0
0
0
0
0
0
0
0
0
0
0
0
0
0
0
0
0
0
0
0
0
0
0
0
0
0
0
0
438
876
1316
1754
2192
2630
3068
3506
3946
4384
4822
5260
5698
6136
6576
7014
7452
7890
8328
8766
9206
9644
10082
10520
10958
11396
11836
12274
12712
13150
13588
14026
14466
14904
15342
15780
16218
16656
17096
17534
17972
18410
18848
19288
19726
20164
20602
21040
21478
21918
22356
22794
23232
23670
24108
24548
24986
25424
25862
26300
26738
27178
27616
28054
28492
28930
29368
29808
30246
30684
31122
31560
31998
32438
32766
32328
31890
31450
31012
30574
30136
29698
29260
28820
28382
27944
27506
27068
26630
26190
25752
25314
24876
24438
24000
23560
23122
22684
22246
21808
21370
20930
20492
20054
19616
19178
18740
18300
17862
17424
16986
16548
16110
15670
15232
14794
14356
13918
13478
13040
12602
12164
11726
11288
10848
10410
9972
9534
9096
8658
8218
7780
7342
6904
6466
6028
5588
5150
4712
4274
3836
3398
2958
2520
2082
1644
1206
768
328
0
0
0
0
0
0
0
0
0
0
0
0
0
0
0
0
0
0
0
0
0
0
0
0
0
0
0
0
0
0
0
0
0
0
0
0
0
0
0
0
0
0
0
0
0
0
0
0
0
0
0
0
0
0
0
0
0
0
0
0
0
0
0
0
0
0
0
0
0
0
0
0
0
0
0
0
0
0
0
0
0
0
0
0
0
0
0
0
0
0
0
0
0
0
0
0
0
0
0
0
0
0
0
0
0
0
0
0
0
0
0
0
0
0
0
0
0
0
0
0
0
0
0
0
0
0
0
0
0
0
0
0
0
0
0
0
0
0
0
0
0
0
0
0
0
0
0
0
0
0
0
0
0
0
0
0
0
0
0
0
0
0
0
0
0
0
0
0
0
0
0
0
0
0
0
0
0
0
0
0
0
0
0
0
0
0
0
0
0
0
0
0
0
0
0
0
0
0
0
0
0
0
0
0
0
0
0
0
0
0
0
0
0
0
0
0
0
0
0
0
0
0
0
0
0
0
0
0
0
0
0
0
0
0
0
0
0
0
0
0
0
0
0
0
0
0
0
0
0
0
0
0
0
0
0
0
0
0
0
0
0
0
0
0
0
0
0
0
0
0
0
0
0
0
0
0
0
0
0
0
0
0
0
0
0
0
0
0
0
0
0
0
0
0
0
0
0
0
0
0
0
0
0
0
0
0
0
0
0
0
0
0
0
0
0
0
0
0
0
0
0
0
0
0
0
0
0
0
0
0
0
0
0
0
0
0
0
0
0
0
0
0
0
0
0
0
0
0
0
0
0
-438
-876
-1316
-1754
-2192
-2630
-3068
-3506
-3946
-4384
-4822
-5260
-5698
-6136
-6576
-7014
-7452
-7890
-8328
-8766
-9206
-9644
-10082
-10520
-10958
-11396
-11836
-12274
-12712
-13150
-13588
-14026
-14466
-14904
-15342
-15780
-16218
-16656
-17096
-17534
-17972
-18410
-18848
-19288
-19726
-20164
-20602
-21040
-21478
-21918
-22356
-22794
-23232
-23670
-24108
-24548
-24986
-25424
-25862
-26300
-26738
-27178
-27616
-28054
-28492
-28930
-29368
-29808
-30246
-30684
-31122
-31560
-31998
-32438
-32766
-32328
-31890
-31450
-31012
-30574
-30136
-29698
-29260
-28820
-28382
-27944
-27506
-27068
-26630
-26190
-25752
-25314
-24876
-24438
-24000
-23560
-23122
-22684
-22246
-21808
-21370
-20930
-20492
-20054
-19616
-19178
-18740
-18300
-17862
-17424
-16986
-16548
-16110
-15670
-15232
-14794
-14356
-13918
-13478
-13040
-12602
-12164
-11726
-11288
-10848
-10410
-9972
-9534
-9096
-8658
-8218
-7780
-7342
-6904
-6466
-6028
-5588
-5150
-4712
-4274
-3836
-3398
-2958
-2520
-2082
-1644
-1206
-768
-328
0
0
0
0
0
0
0
0
0
0
0
0
0
0
0
0
0
0
0
0
0
0
0
0
0
0
0
0
0
0
0
0
0
0
0
0
0
0
0
0
0
0
0
0
0
0
0
0
0
0
0
0
0
0
0
0
0
0
0
0
0
0
0
0
0
0
0
0
0
0
0
0
0
0
0
0
0
0
0
0
0
0
0
0
0
0
0
0
0
0
0
0
0
0
0
0
0
0
0
0
0
0
0
0
0
0
0
0
0
0
0
0
0
0
0
0
0
0
0
0
0
0
0
0
0
0
0
0
0
0
0
0
0
0
0
0
0
0
0
0
0
438
876
1316
1754
2192
2630
3068
3506
3946
4384
4822
5260
5698
6136
6576
7014
7452
7890
8328
8766
9206
9644
10082
10520
10958
11396
11836
12274
12712
13150
13588
14026
14466
14904
15342
15780
16218
16656
17096
17534
17972
18410
18848
19288
19726
20164
20602
21040
21478
21918
22356
22794
23232
23670
24108
24548
24986
25424
25862
26300
26738
27178
27616
28054
28492
28930
29368
29808
30246
30684
31122
31560
31998
32438
32766
32328
31890
31450
31012
30574
30136
29698
29260
28820
28382
27944
27506
27068
26630
26190
25752
25314
24876
24438
24000
23560
23122
22684
22246
21808
21370
20930
20492
20054
19616
19178
18740
18300
17862
17424
16986
16548
16110
15670
15232
14794
14356
13918
13478
13040
12602
12164
11726
11288
10848
10410
9972
9534
9096
8658
8218
7780
7342
6904
6466
6028
5588
5150
4712
4274
3836
3398
2958
2520
2082
1644
1206
768
328
0
0
0
0
0
0
0
0
0
0
0
0
0
0
0
0
0
0
0
0
0
0
0
0
0
0
0
0
0
0
0
0
0
0
0
0
0
0
0
0
0
0
0
0
0
0
0
0
0
0
0
0
0
0
0
0
0
0
0
0
0
0
0
0
0
0
0
0
0
0
0
0
0
0
0
0
0
0
0
0
0
0
0
0
0
0
0
0
0
0
0
0
0
0
0
0
0
0
0
0
0
0
0
0
0
0
0
0
0
0
0
0
0
0
0
0
0
0
0
0
0
0
0
0
0
0
0
0
0
0
0
0
0
0
0
0
0
0
0
0
0
0
0
0
0
0
0
0
0
0
0
0
0
0
0
0
0
0
0
0
0
0
0
0
0
0
0
0
0
0
0
0
0
0
0
0
0
0
0
0
0
0
0
0
0
0
0
0
0
0
0
0
0
0
0
0
0
0
0
0
0
0
0
0
0
0
0
0
0
0
0
0
0
0
0
0
0
0
0
0
0
0
0
0
0
0
0
0
0
0
0
0
0
0
0
0
0
0
0
0
0
0
0
0
0
0
0
0
0
0
0
0
0
0
0
0
0
0
0
0
0
0
0
0
0
0
0
0
0
0
0
0
0
0
0
0
0
0
0
0
0
0
0
0
0
0
0
0
0
0
0
0
0
0
0
0
0
0
0
0
0
0
0
0
0
0
0
0
0
0
0
0
0
0
0
0
0
0
0
0
0
0
0
0
0
0
0
0
0
0
0
0
0
0
0
0
0
0
0
0
0
0
0
0
0
0
0
0
0
0
0
-438
-876
-1316
-1754
-2192
-2630
-3068
-3506
-3946
-4384
-4822
-5260
-5698
-6136
-6576
-7014
-7452
-7890
-8328
-8766
-9206
-9644
-10082
-10520
-10958
-11396
-11836
-12274
-12712
-13150
-13588
-14026
-14466
-14904
-15342
-15780
-16218
-16656
-17096
-17534
-17972
-18410
-18848
-19288
-19726
-20164
-20602
-21040
-21478
-21918
-22356
-22794
-23232
-23670
-24108
-24548
-24986
-25424
-25862
-26300
-26738
-27178
-27616
-28054
-28492
-28930
-29368
-29808
-30246
-30684
-31122
-31560
-31998
-32438
-32766
-32328
-31890
-31450
-31012
-30574
-30136
-29698
-29260
-28820
-28382
-27944
-27506
-27068
-26630
-26190
-25752
-25314
-24876
-24438
-24000
-23560
-23122
-22684
-22246
-21808
-21370
-20930
-20492
-20054
-19616
-19178
-18740
-18300
-17862
-17424
-16986
-16548
-16110
-15670
-15232
-14794
-14356
-13918
-13478
-13040
-12602
-12164
-11726
-11288
-10848
-10410
-9972
-9534
-9096
-8658
-8218
-7780
-7342
-6904
-6466
-6028
-5588
-5150
-4712
-4274
-3836
-3398
-2958
-2520
-2082
-1644
-1206
-768
-328
0
0
0
0
0
0
0
0
0
0
0
0
0
0
0
0
0
0
0
0
0
0
0
0
0
0
0
0
0
0
0
0
0
0
0
0
0
0
0
0
0
0
0
0
0
0
0
0
0
0
0
0
0
0
0
0
0
0
0
0
0
0
0
0
0
0
0
0
0
0
0
0
0
0
0
0
0
0
0
0
0
0
0
0
0
0
0
0
0
0
0
0
0
0
0
0
0
0
0
0
0
438
876
1316
1754
2192
2630
3068
3506
3946
4384
4822
5260
5698
6136
6576
7014
7452
7890
8328
8766
9206
9644
10082
10520
10958
11396
11836
12274
12712
13150
13588
14026
14466
14904
15342
15780
16218
16656
17096
17534
17972
18410
18848
19288
19726
20164
20602
21040
21478
21918
22356
22794
23232
23670
24108
24548
24986
25424
25862
26300
26738
27178
27616
28054
28492
28930
29368
29808
30246
30684
31122
31560
31998
32438
32766
32328
31890
31450
31012
30574
30136
29698
29260
28820
28382
27944
27506
27068
26630
26190
25752
25314
24876
24438
24000
23560
23122
22684
22246
21808
21370
20930
20492
20054
19616
19178
18740
18300
17862
17424
16986
16548
16110
15670
15232
14794
14356
13918
13478
13040
12602
12164
11726
11288
10848
10410
9972
9534
9096
8658
8218
7780
7342
6904
6466
6028
5588
5150
4712
4274
3836
3398
2958
2520
2082
1644
1206
768
328
0
0
0
0
0
0
0
0
0
0
0
0
0
0
0
0
0
0
0
0
0
0
0
0
0
0
0
0
0
0
0
0
0
0
0
0
0
0
0
0
0
0
0
0
0
0
0
0
0
0
0
0
0
0
0
0
0
0
0
0
0
0
0
0
0
0
0
0
0
0
0
0
0
0
0
0
0
0
0
0
0
0
0
0
0
0
0
0
0
0
0
0
0
0
0
0
0
0
0
0
0
0
0
0
0
0
0
0
0
0
0
0
0
0
0
0
0
0
0
0
0
0
0
0
0
0
0
0
0
0
0
0
0
0
0
0
0
0
0
0
0
0
0
0
0
0
0
0
0
0
0
0
0
0
0
0
0
0
0
0
0
0
0
0
0
0
0
0
0
0
0
0
0
0
0
0
0
0
0
0
0
0
0
0
0
0
0
0
0
0
0
0
0
0
0
0
0
0
0
0
0
0
0
0
0
0
0
0
0
0
0
0
0
0
0
0
0
0
0
0
0
0
0
0
0
0
0
0
0
0
0
0
0
0
0
0
0
0
0
0
0
0
0
0
0
0
0
0
0
0
0
0
0
0
0
0
0
0
0
0
0
0
0
0
0
0
0
0
0
0
0
0
0
0
0
0
0
0
0
0
0
0
0
0
0
0
0
0
0
0
0
0
0
0
0
0
0
0
0
0
0
0
0
0
0
0
0
0
0
0
0
0
0
0
0
0
0
0
0
0
0
0
0
0
0
0
0
0
0
0
0
0
0
0
0
0
0
0
0
0
0
0
0
0
0
0
0
0
0
0
0
-438
-876
-1316
-1754
-2192
-2630
-3068
-3506
-3946
-4384
-4822
-5260
-5698
-6136
-6576
-7014
-7452
-7890
-8328
-8766
-9206
-9644
-10082
-10520
-10958
-11396
-11836
-12274
-12712
-13150
-13588
-14026
-14466
-14904
-15342
-15780
-16218
-16656
-17096
-17534
-17972
-18410
-18848
-19288
-19726
-20164
-20602
-21040
-21478
-21918
-22356
-22794
-23232
-23670
-24108
-24548
-24986
-25424
-25862
-26300
-26738
-27178
-27616
-28054
-28492
-28930
-29368
-29808
-30246
-30684
-31122
-31560
-31998
-32438
-32766
-32328
-31890
-31450
-31012
-30574
-30136
-29698
-29260
-28820
-28382
-27944
-27506
-27068
-26630
-26190
-25752
-25314
-24876
-24438
-24000
-23560
-23122
-22684
-22246
-21808
-21370
-20930
-20492
-20054
-19616
-19178
-18740
-18300
-17862
-17424
-16986
-16548
-16110
-15670
-15232
-14794
-14356
-13918
-13478
-13040
-12602
-12164
-11726
-11288
-10848
-10410
-9972
-9534
-9096
-8658
-8218
-7780
-7342
-6904
-6466
-6028
-5588
-5150
-4712
-4274
-3836
-3398
-2958
-2520
-2082
-1644
-1206
-768
-328
0
0
0
0
0
0
0
0
0
0
0
0
0
0
0
0
0
0
0
0
0
0
0
0
0
0
0
0
0
0
0
0
0
0
0
0
0
0
0
0
0
0
0
0
0
0
0
0
0
0
0
0
0
0
0
0
0
0
0
0
0
0
0
0
0
0
0
0
0
0
0
0
0
0
0
0
0
0
0
0
0
0
0
0
0
0
0
0
0
0
