   0.0000000e+00
   0.0000000e+00
   0.0000000e+00
   0.0000000e+00
   0.0000000e+00
   0.0000000e+00
   0.0000000e+00
   0.0000000e+00
   0.0000000e+00
   0.0000000e+00
   0.0000000e+00
   0.0000000e+00
   0.0000000e+00
   0.0000000e+00
   0.0000000e+00
   0.0000000e+00
   0.0000000e+00
   0.0000000e+00
   0.0000000e+00
   0.0000000e+00
   0.0000000e+00
   0.0000000e+00
   0.0000000e+00
   0.0000000e+00
   0.0000000e+00
   0.0000000e+00
   0.0000000e+00
   0.0000000e+00
   0.0000000e+00
   0.0000000e+00
   0.0000000e+00
   0.0000000e+00
   0.0000000e+00
   0.0000000e+00
   0.0000000e+00
   0.0000000e+00
   0.0000000e+00
   0.0000000e+00
   0.0000000e+00
   0.0000000e+00
   0.0000000e+00
   0.0000000e+00
   0.0000000e+00
   0.0000000e+00
   0.0000000e+00
   0.0000000e+00
   0.0000000e+00
   0.0000000e+00
   0.0000000e+00
   0.0000000e+00
   0.0000000e+00
   0.0000000e+00
   0.0000000e+00
   0.0000000e+00
   0.0000000e+00
   0.0000000e+00
   0.0000000e+00
   0.0000000e+00
   0.0000000e+00
   0.0000000e+00
   0.0000000e+00
   0.0000000e+00
   0.0000000e+00
   7.0351759e-06
   2.1105528e-05
   3.5175879e-05
   4.9246231e-05
   6.3316583e-05
   7.7386935e-05
   9.1457286e-05
   1.0552764e-04
   1.1959799e-04
   1.3366834e-04
   1.4773869e-04
   1.6180905e-04
   1.7587940e-04
   1.8994975e-04
   2.0402010e-04
   2.1809045e-04
   2.3216080e-04
   2.4623116e-04
   2.6030151e-04
   2.7437186e-04
   2.8844221e-04
   3.0251256e-04
   3.1658291e-04
   3.3065327e-04
   3.4472362e-04
   3.5000000e-04
   3.5000000e-04
   3.5000000e-04
   3.5000000e-04
   3.5000000e-04
   3.5000000e-04
   3.5000000e-04
   3.5000000e-04
   3.5000000e-04
   3.5000000e-04
   3.5000000e-04
   3.5000000e-04
   3.5000000e-04
   3.5000000e-04
   3.5000000e-04
   3.5000000e-04
   3.5000000e-04
   3.5000000e-04
   3.5000000e-04
   3.5000000e-04
   3.5000000e-04
   3.5000000e-04
   3.5000000e-04
   3.5000000e-04
   3.5000000e-04
   3.5000000e-04
   3.5000000e-04
   3.5000000e-04
   3.5000000e-04
   3.5000000e-04
   3.5000000e-04
   3.5000000e-04
   3.5000000e-04
   3.5000000e-04
   3.5000000e-04
   3.5000000e-04
   3.5000000e-04
   3.5000000e-04
   3.5000000e-04
   3.5000000e-04
   3.5000000e-04
   3.5000000e-04
   3.5000000e-04
   3.5000000e-04
   3.5000000e-04
   3.5000000e-04
   3.5000000e-04
   3.5000000e-04
   3.5000000e-04
   3.5000000e-04
   3.5000000e-04
   3.5000000e-04
   3.5000000e-04
   3.5000000e-04
   3.5000000e-04
   3.5000000e-04
   3.5000000e-04
   3.5000000e-04
   3.5000000e-04
   3.5000000e-04
   3.5000000e-04
   3.5000000e-04
   3.5000000e-04
   3.5000000e-04
   3.5000000e-04
   3.5000000e-04
   3.5000000e-04
   3.5000000e-04
   3.5000000e-04
   3.5000000e-04
   3.5000000e-04
   3.5000000e-04
   3.5000000e-04
   3.5000000e-04
   3.5000000e-04
   3.4296482e-04
   3.2889447e-04
   3.1482412e-04
   3.0075377e-04
   2.8668342e-04
   2.7261307e-04
   2.5854271e-04
   2.4447236e-04
   2.3040201e-04
   2.1633166e-04
   2.0226131e-04
   1.8819095e-04
   1.7412060e-04
   1.6005025e-04
   1.4597990e-04
   1.3190955e-04
   1.1783920e-04
   1.0376884e-04
   8.9698492e-05
   7.5628141e-05
   6.1557789e-05
   4.7487437e-05
   3.3417085e-05
   1.9346734e-05
   5.2763819e-06
  -7.0351759e-06
  -2.1105528e-05
  -3.5175879e-05
  -4.9246231e-05
  -6.3316583e-05
  -7.7386935e-05
  -9.1457286e-05
  -1.0552764e-04
  -1.1959799e-04
  -1.3366834e-04
  -1.4773869e-04
  -1.6180905e-04
  -1.7587940e-04
  -1.8994975e-04
  -2.0402010e-04
  -2.1809045e-04
  -2.3216080e-04
  -2.4623116e-04
  -2.6030151e-04
  -2.7437186e-04
  -2.8844221e-04
  -3.0251256e-04
  -3.1658291e-04
  -3.3065327e-04
  -3.4472362e-04
  -3.5000000e-04
  -3.5000000e-04
  -3.5000000e-04
  -3.5000000e-04
  -3.5000000e-04
  -3.5000000e-04
  -3.5000000e-04
  -3.5000000e-04
  -3.5000000e-04
  -3.5000000e-04
  -3.5000000e-04
  -3.5000000e-04
  -3.5000000e-04
  -3.5000000e-04
  -3.5000000e-04
  -3.5000000e-04
  -3.5000000e-04
  -3.5000000e-04
  -3.5000000e-04
  -3.5000000e-04
  -3.5000000e-04
  -3.5000000e-04
  -3.5000000e-04
  -3.5000000e-04
  -3.5000000e-04
  -3.5000000e-04
  -3.5000000e-04
  -3.5000000e-04
  -3.5000000e-04
  -3.5000000e-04
  -3.5000000e-04
  -3.5000000e-04
  -3.5000000e-04
  -3.5000000e-04
  -3.5000000e-04
  -3.5000000e-04
  -3.5000000e-04
  -3.5000000e-04
  -3.5000000e-04
  -3.5000000e-04
  -3.5000000e-04
  -3.5000000e-04
  -3.5000000e-04
  -3.5000000e-04
  -3.5000000e-04
  -3.5000000e-04
  -3.5000000e-04
  -3.5000000e-04
  -3.5000000e-04
  -3.5000000e-04
  -3.5000000e-04
  -3.5000000e-04
  -3.5000000e-04
  -3.5000000e-04
  -3.5000000e-04
  -3.5000000e-04
  -3.5000000e-04
  -3.5000000e-04
  -3.5000000e-04
  -3.5000000e-04
  -3.5000000e-04
  -3.5000000e-04
  -3.5000000e-04
  -3.5000000e-04
  -3.5000000e-04
  -3.5000000e-04
  -3.5000000e-04
  -3.5000000e-04
  -3.5000000e-04
  -3.5000000e-04
  -3.5000000e-04
  -3.5000000e-04
  -3.5000000e-04
  -3.5000000e-04
  -3.5000000e-04
  -3.4296482e-04
  -3.2889447e-04
  -3.1482412e-04
  -3.0075377e-04
  -2.8668342e-04
  -2.7261307e-04
  -2.5854271e-04
  -2.4447236e-04
  -2.3040201e-04
  -2.1633166e-04
  -2.0226131e-04
  -1.8819095e-04
  -1.7412060e-04
  -1.6005025e-04
  -1.4597990e-04
  -1.3190955e-04
  -1.1783920e-04
  -1.0376884e-04
  -8.9698492e-05
  -7.5628141e-05
  -6.1557789e-05
  -4.7487437e-05
  -3.3417085e-05
  -1.9346734e-05
  -5.2763819e-06
   0.0000000e+00
   0.0000000e+00
   0.0000000e+00
   0.0000000e+00
   0.0000000e+00
   0.0000000e+00
   0.0000000e+00
   0.0000000e+00
   0.0000000e+00
   0.0000000e+00
   0.0000000e+00
   0.0000000e+00
   0.0000000e+00
   0.0000000e+00
   0.0000000e+00
   0.0000000e+00
   0.0000000e+00
   0.0000000e+00
   0.0000000e+00
   0.0000000e+00
   0.0000000e+00
   0.0000000e+00
   0.0000000e+00
   0.0000000e+00
   0.0000000e+00
   0.0000000e+00
   0.0000000e+00
   0.0000000e+00
   0.0000000e+00
   0.0000000e+00
   0.0000000e+00
   0.0000000e+00
   0.0000000e+00
   0.0000000e+00
   0.0000000e+00
   0.0000000e+00
   0.0000000e+00
   0.0000000e+00
   0.0000000e+00
   0.0000000e+00
   0.0000000e+00
   0.0000000e+00
   0.0000000e+00
   0.0000000e+00
   0.0000000e+00
   0.0000000e+00
   0.0000000e+00
   0.0000000e+00
   0.0000000e+00
   0.0000000e+00
   0.0000000e+00
   0.0000000e+00
   0.0000000e+00
   0.0000000e+00
   0.0000000e+00
   0.0000000e+00
   0.0000000e+00
   0.0000000e+00
   0.0000000e+00
   0.0000000e+00
   0.0000000e+00
   0.0000000e+00
   0.0000000e+00
   1.4070352e-05
   2.8140704e-05
   4.2211055e-05
   5.6281407e-05
   7.0351759e-05
   8.4422111e-05
   9.8492462e-05
   1.1256281e-04
   1.2663317e-04
   1.4070352e-04
   1.5477387e-04
   1.6884422e-04
   1.8291457e-04
   1.9698492e-04
   2.1105528e-04
   2.2512563e-04
   2.3919598e-04
   2.5326633e-04
   2.6733668e-04
   2.8140704e-04
   2.9547739e-04
   3.0954774e-04
   3.2361809e-04
   3.3768844e-04
   3.5000000e-04
   3.5000000e-04
   3.5000000e-04
   3.5000000e-04
   3.5000000e-04
   3.5000000e-04
   3.5000000e-04
   3.5000000e-04
   3.5000000e-04
   3.5000000e-04
   3.5000000e-04
   3.5000000e-04
   3.5000000e-04
   3.5000000e-04
   3.5000000e-04
   3.5000000e-04
   3.5000000e-04
   3.5000000e-04
   3.5000000e-04
   3.5000000e-04
   3.5000000e-04
   3.5000000e-04
   3.5000000e-04
   3.5000000e-04
   3.5000000e-04
   3.5000000e-04
   3.5000000e-04
   3.5000000e-04
   3.5000000e-04
   3.5000000e-04
   3.5000000e-04
   3.5000000e-04
   3.5000000e-04
   3.5000000e-04
   3.5000000e-04
   3.5000000e-04
   3.5000000e-04
   3.5000000e-04
   3.5000000e-04
   3.5000000e-04
   3.5000000e-04
   3.5000000e-04
   3.5000000e-04
   3.5000000e-04
   3.5000000e-04
   3.5000000e-04
   3.5000000e-04
   3.5000000e-04
   3.5000000e-04
   3.5000000e-04
   3.5000000e-04
   3.5000000e-04
   3.5000000e-04
   3.5000000e-04
   3.5000000e-04
   3.5000000e-04
   3.5000000e-04
   3.5000000e-04
   3.5000000e-04
   3.5000000e-04
   3.5000000e-04
   3.5000000e-04
   3.5000000e-04
   3.5000000e-04
   3.5000000e-04
   3.5000000e-04
   3.5000000e-04
   3.5000000e-04
   3.5000000e-04
   3.5000000e-04
   3.5000000e-04
   3.5000000e-04
   3.5000000e-04
   3.5000000e-04
   3.5000000e-04
   3.5000000e-04
   3.3592965e-04
   3.2185930e-04
   3.0778894e-04
   2.9371859e-04
   2.7964824e-04
   2.6557789e-04
   2.5150754e-04
   2.3743719e-04
   2.2336683e-04
   2.0929648e-04
   1.9522613e-04
   1.8115578e-04
   1.6708543e-04
   1.5301508e-04
   1.3894472e-04
   1.2487437e-04
   1.1080402e-04
   9.6733668e-05
   8.2663317e-05
   6.8592965e-05
   5.4522613e-05
   4.0452261e-05
   2.6381910e-05
   1.2311558e-05
  -0.0000000e+00
  -1.4070352e-05
  -2.8140704e-05
  -4.2211055e-05
  -5.6281407e-05
  -7.0351759e-05
  -8.4422111e-05
  -9.8492462e-05
  -1.1256281e-04
  -1.2663317e-04
  -1.4070352e-04
  -1.5477387e-04
  -1.6884422e-04
  -1.8291457e-04
  -1.9698492e-04
  -2.1105528e-04
  -2.2512563e-04
  -2.3919598e-04
  -2.5326633e-04
  -2.6733668e-04
  -2.8140704e-04
  -2.9547739e-04
  -3.0954774e-04
  -3.2361809e-04
  -3.3768844e-04
  -3.5000000e-04
  -3.5000000e-04
  -3.5000000e-04
  -3.5000000e-04
  -3.5000000e-04
  -3.5000000e-04
  -3.5000000e-04
  -3.5000000e-04
  -3.5000000e-04
  -3.5000000e-04
  -3.5000000e-04
  -3.5000000e-04
  -3.5000000e-04
  -3.5000000e-04
  -3.5000000e-04
  -3.5000000e-04
  -3.5000000e-04
  -3.5000000e-04
  -3.5000000e-04
  -3.5000000e-04
  -3.5000000e-04
  -3.5000000e-04
  -3.5000000e-04
  -3.5000000e-04
  -3.5000000e-04
  -3.5000000e-04
  -3.5000000e-04
  -3.5000000e-04
  -3.5000000e-04
  -3.5000000e-04
  -3.5000000e-04
  -3.5000000e-04
  -3.5000000e-04
  -3.5000000e-04
  -3.5000000e-04
  -3.5000000e-04
  -3.5000000e-04
  -3.5000000e-04
  -3.5000000e-04
  -3.5000000e-04
  -3.5000000e-04
  -3.5000000e-04
  -3.5000000e-04
  -3.5000000e-04
  -3.5000000e-04
  -3.5000000e-04
  -3.5000000e-04
  -3.5000000e-04
  -3.5000000e-04
  -3.5000000e-04
  -3.5000000e-04
  -3.5000000e-04
  -3.5000000e-04
  -3.5000000e-04
  -3.5000000e-04
  -3.5000000e-04
  -3.5000000e-04
  -3.5000000e-04
  -3.5000000e-04
  -3.5000000e-04
  -3.5000000e-04
  -3.5000000e-04
  -3.5000000e-04
  -3.5000000e-04
  -3.5000000e-04
  -3.5000000e-04
  -3.5000000e-04
  -3.5000000e-04
  -3.5000000e-04
  -3.5000000e-04
  -3.5000000e-04
  -3.5000000e-04
  -3.5000000e-04
  -3.5000000e-04
  -3.5000000e-04
  -3.5000000e-04
  -3.3592965e-04
  -3.2185930e-04
  -3.0778894e-04
  -2.9371859e-04
  -2.7964824e-04
  -2.6557789e-04
  -2.5150754e-04
  -2.3743719e-04
  -2.2336683e-04
  -2.0929648e-04
  -1.9522613e-04
  -1.8115578e-04
  -1.6708543e-04
  -1.5301508e-04
  -1.3894472e-04
  -1.2487437e-04
  -1.1080402e-04
  -9.6733668e-05
  -8.2663317e-05
  -6.8592965e-05
  -5.4522613e-05
  -4.0452261e-05
  -2.6381910e-05
  -1.2311558e-05
   0.0000000e+00
   0.0000000e+00
   0.0000000e+00
   0.0000000e+00
   0.0000000e+00
   0.0000000e+00
   0.0000000e+00
   0.0000000e+00
   0.0000000e+00
   0.0000000e+00
   0.0000000e+00
   0.0000000e+00
   0.0000000e+00
   0.0000000e+00
   0.0000000e+00
   0.0000000e+00
   0.0000000e+00
   0.0000000e+00
   0.0000000e+00
   0.0000000e+00
   0.0000000e+00
   0.0000000e+00
   0.0000000e+00
   0.0000000e+00
   0.0000000e+00
   0.0000000e+00
   0.0000000e+00
   0.0000000e+00
   0.0000000e+00
   0.0000000e+00
   0.0000000e+00
   0.0000000e+00
   0.0000000e+00
   0.0000000e+00
   0.0000000e+00
   0.0000000e+00
   0.0000000e+00
   0.0000000e+00
   0.0000000e+00
   0.0000000e+00
   0.0000000e+00
   0.0000000e+00
   0.0000000e+00
   0.0000000e+00
   0.0000000e+00
   0.0000000e+00
   0.0000000e+00
   0.0000000e+00
   0.0000000e+00
   0.0000000e+00
   0.0000000e+00
   0.0000000e+00
   0.0000000e+00
   0.0000000e+00
   0.0000000e+00
   0.0000000e+00
   0.0000000e+00
   0.0000000e+00
   0.0000000e+00
   0.0000000e+00
   0.0000000e+00
   0.0000000e+00
   0.0000000e+00
   7.0351759e-06
   2.1105528e-05
   3.5175879e-05
   4.9246231e-05
   6.3316583e-05
   7.7386935e-05
   9.1457286e-05
   1.0552764e-04
   1.1959799e-04
   1.3366834e-04
   1.4773869e-04
   1.6180905e-04
   1.7587940e-04
   1.8994975e-04
   2.0402010e-04
   2.1809045e-04
   2.3216080e-04
   2.4623116e-04
   2.6030151e-04
   2.7437186e-04
   2.8844221e-04
   3.0251256e-04
   3.1658291e-04
   3.3065327e-04
   3.4472362e-04
   3.5000000e-04
   3.5000000e-04
   3.5000000e-04
   3.5000000e-04
   3.5000000e-04
   3.5000000e-04
   3.5000000e-04
   3.5000000e-04
   3.5000000e-04
   3.5000000e-04
   3.5000000e-04
   3.5000000e-04
   3.5000000e-04
   3.5000000e-04
   3.5000000e-04
   3.5000000e-04
   3.5000000e-04
   3.5000000e-04
   3.5000000e-04
   3.5000000e-04
   3.5000000e-04
   3.5000000e-04
   3.5000000e-04
   3.5000000e-04
   3.5000000e-04
   3.5000000e-04
   3.5000000e-04
   3.5000000e-04
   3.5000000e-04
   3.5000000e-04
   3.5000000e-04
   3.5000000e-04
   3.5000000e-04
   3.5000000e-04
   3.5000000e-04
   3.5000000e-04
   3.5000000e-04
   3.5000000e-04
   3.5000000e-04
   3.5000000e-04
   3.5000000e-04
   3.5000000e-04
   3.5000000e-04
   3.5000000e-04
   3.5000000e-04
   3.5000000e-04
   3.5000000e-04
   3.5000000e-04
   3.5000000e-04
   3.5000000e-04
   3.5000000e-04
   3.5000000e-04
   3.5000000e-04
   3.5000000e-04
   3.5000000e-04
   3.5000000e-04
   3.5000000e-04
   3.5000000e-04
   3.5000000e-04
   3.5000000e-04
   3.5000000e-04
   3.5000000e-04
   3.5000000e-04
   3.5000000e-04
   3.5000000e-04
   3.5000000e-04
   3.5000000e-04
   3.5000000e-04
   3.5000000e-04
   3.5000000e-04
   3.5000000e-04
   3.5000000e-04
   3.5000000e-04
   3.5000000e-04
   3.5000000e-04
   3.4296482e-04
   3.2889447e-04
   3.1482412e-04
   3.0075377e-04
   2.8668342e-04
   2.7261307e-04
   2.5854271e-04
   2.4447236e-04
   2.3040201e-04
   2.1633166e-04
   2.0226131e-04
   1.8819095e-04
   1.7412060e-04
   1.6005025e-04
   1.4597990e-04
   1.3190955e-04
   1.1783920e-04
   1.0376884e-04
   8.9698492e-05
   7.5628141e-05
   6.1557789e-05
   4.7487437e-05
   3.3417085e-05
   1.9346734e-05
   5.2763819e-06
  -7.0351759e-06
  -2.1105528e-05
  -3.5175879e-05
  -4.9246231e-05
  -6.3316583e-05
  -7.7386935e-05
  -9.1457286e-05
  -1.0552764e-04
  -1.1959799e-04
  -1.3366834e-04
  -1.4773869e-04
  -1.6180905e-04
  -1.7587940e-04
  -1.8994975e-04
  -2.0402010e-04
  -2.1809045e-04
  -2.3216080e-04
  -2.4623116e-04
  -2.6030151e-04
  -2.7437186e-04
  -2.8844221e-04
  -3.0251256e-04
  -3.1658291e-04
  -3.3065327e-04
  -3.4472362e-04
  -3.5000000e-04
  -3.5000000e-04
  -3.5000000e-04
  -3.5000000e-04
  -3.5000000e-04
  -3.5000000e-04
  -3.5000000e-04
  -3.5000000e-04
  -3.5000000e-04
  -3.5000000e-04
  -3.5000000e-04
  -3.5000000e-04
  -3.5000000e-04
  -3.5000000e-04
  -3.5000000e-04
  -3.5000000e-04
  -3.5000000e-04
  -3.5000000e-04
  -3.5000000e-04
  -3.5000000e-04
  -3.5000000e-04
  -3.5000000e-04
  -3.5000000e-04
  -3.5000000e-04
  -3.5000000e-04
  -3.5000000e-04
  -3.5000000e-04
  -3.5000000e-04
  -3.5000000e-04
  -3.5000000e-04
  -3.5000000e-04
  -3.5000000e-04
  -3.5000000e-04
  -3.5000000e-04
  -3.5000000e-04
  -3.5000000e-04
  -3.5000000e-04
  -3.5000000e-04
  -3.5000000e-04
  -3.5000000e-04
  -3.5000000e-04
  -3.5000000e-04
  -3.5000000e-04
  -3.5000000e-04
  -3.5000000e-04
  -3.5000000e-04
  -3.5000000e-04
  -3.5000000e-04
  -3.5000000e-04
  -3.5000000e-04
  -3.5000000e-04
  -3.5000000e-04
  -3.5000000e-04
  -3.5000000e-04
  -3.5000000e-04
  -3.5000000e-04
  -3.5000000e-04
  -3.5000000e-04
  -3.5000000e-04
  -3.5000000e-04
  -3.5000000e-04
  -3.5000000e-04
  -3.5000000e-04
  -3.5000000e-04
  -3.5000000e-04
  -3.5000000e-04
  -3.5000000e-04
  -3.5000000e-04
  -3.5000000e-04
  -3.5000000e-04
  -3.5000000e-04
  -3.5000000e-04
  -3.5000000e-04
  -3.5000000e-04
  -3.5000000e-04
  -3.4296482e-04
  -3.2889447e-04
  -3.1482412e-04
  -3.0075377e-04
  -2.8668342e-04
  -2.7261307e-04
  -2.5854271e-04
  -2.4447236e-04
  -2.3040201e-04
  -2.1633166e-04
  -2.0226131e-04
  -1.8819095e-04
  -1.7412060e-04
  -1.6005025e-04
  -1.4597990e-04
  -1.3190955e-04
  -1.1783920e-04
  -1.0376884e-04
  -8.9698492e-05
  -7.5628141e-05
  -6.1557789e-05
  -4.7487437e-05
  -3.3417085e-05
  -1.9346734e-05
  -5.2763819e-06
   0.0000000e+00
   0.0000000e+00
   0.0000000e+00
   0.0000000e+00
   0.0000000e+00
   0.0000000e+00
   0.0000000e+00
   0.0000000e+00
   0.0000000e+00
   0.0000000e+00
   0.0000000e+00
   0.0000000e+00
   0.0000000e+00
   0.0000000e+00
   0.0000000e+00
   0.0000000e+00
   0.0000000e+00
   0.0000000e+00
   0.0000000e+00
   0.0000000e+00
   0.0000000e+00
   0.0000000e+00
   0.0000000e+00
   0.0000000e+00
   0.0000000e+00
   0.0000000e+00
   0.0000000e+00
   0.0000000e+00
   0.0000000e+00
   0.0000000e+00
   0.0000000e+00
   0.0000000e+00
   0.0000000e+00
   0.0000000e+00
   0.0000000e+00
   0.0000000e+00
   0.0000000e+00
   0.0000000e+00
   0.0000000e+00
   0.0000000e+00
   0.0000000e+00
   0.0000000e+00
   0.0000000e+00
   0.0000000e+00
   0.0000000e+00
   0.0000000e+00
   0.0000000e+00
   0.0000000e+00
   0.0000000e+00
   0.0000000e+00
   0.0000000e+00
   0.0000000e+00
   0.0000000e+00
   0.0000000e+00
   0.0000000e+00
   0.0000000e+00
   0.0000000e+00
   0.0000000e+00
   0.0000000e+00
   0.0000000e+00
   0.0000000e+00
   0.0000000e+00
   0.0000000e+00
   1.4070352e-05
   2.8140704e-05
   4.2211055e-05
   5.6281407e-05
   7.0351759e-05
   8.4422111e-05
   9.8492462e-05
   1.1256281e-04
   1.2663317e-04
   1.4070352e-04
   1.5477387e-04
   1.6884422e-04
   1.8291457e-04
   1.9698492e-04
   2.1105528e-04
   2.2512563e-04
   2.3919598e-04
   2.5326633e-04
   2.6733668e-04
   2.8140704e-04
   2.9547739e-04
   3.0954774e-04
   3.2361809e-04
   3.3768844e-04
   3.5000000e-04
   3.5000000e-04
   3.5000000e-04
   3.5000000e-04
   3.5000000e-04
   3.5000000e-04
   3.5000000e-04
   3.5000000e-04
   3.5000000e-04
   3.5000000e-04
   3.5000000e-04
   3.5000000e-04
   3.5000000e-04
   3.5000000e-04
   3.5000000e-04
   3.5000000e-04
   3.5000000e-04
   3.5000000e-04
   3.5000000e-04
   3.5000000e-04
   3.5000000e-04
   3.5000000e-04
   3.5000000e-04
   3.5000000e-04
   3.5000000e-04
   3.5000000e-04
   3.5000000e-04
   3.5000000e-04
   3.5000000e-04
   3.5000000e-04
   3.5000000e-04
   3.5000000e-04
   3.5000000e-04
   3.5000000e-04
   3.5000000e-04
   3.5000000e-04
   3.5000000e-04
   3.5000000e-04
   3.5000000e-04
   3.5000000e-04
   3.5000000e-04
   3.5000000e-04
   3.5000000e-04
   3.5000000e-04
   3.5000000e-04
   3.5000000e-04
   3.5000000e-04
   3.5000000e-04
   3.5000000e-04
   3.5000000e-04
   3.5000000e-04
   3.5000000e-04
   3.5000000e-04
   3.5000000e-04
   3.5000000e-04
   3.5000000e-04
   3.5000000e-04
   3.5000000e-04
   3.5000000e-04
   3.5000000e-04
   3.5000000e-04
   3.5000000e-04
   3.5000000e-04
   3.5000000e-04
   3.5000000e-04
   3.5000000e-04
   3.5000000e-04
   3.5000000e-04
   3.5000000e-04
   3.5000000e-04
   3.5000000e-04
   3.5000000e-04
   3.5000000e-04
   3.5000000e-04
   3.5000000e-04
   3.5000000e-04
   3.3592965e-04
   3.2185930e-04
   3.0778894e-04
   2.9371859e-04
   2.7964824e-04
   2.6557789e-04
   2.5150754e-04
   2.3743719e-04
   2.2336683e-04
   2.0929648e-04
   1.9522613e-04
   1.8115578e-04
   1.6708543e-04
   1.5301508e-04
   1.3894472e-04
   1.2487437e-04
   1.1080402e-04
   9.6733668e-05
   8.2663317e-05
   6.8592965e-05
   5.4522613e-05
   4.0452261e-05
   2.6381910e-05
   1.2311558e-05
  -0.0000000e+00
  -1.4070352e-05
  -2.8140704e-05
  -4.2211055e-05
  -5.6281407e-05
  -7.0351759e-05
  -8.4422111e-05
  -9.8492462e-05
  -1.1256281e-04
  -1.2663317e-04
  -1.4070352e-04
  -1.5477387e-04
  -1.6884422e-04
  -1.8291457e-04
  -1.9698492e-04
  -2.1105528e-04
  -2.2512563e-04
  -2.3919598e-04
  -2.5326633e-04
  -2.6733668e-04
  -2.8140704e-04
  -2.9547739e-04
  -3.0954774e-04
  -3.2361809e-04
  -3.3768844e-04
  -3.5000000e-04
  -3.5000000e-04
  -3.5000000e-04
  -3.5000000e-04
  -3.5000000e-04
  -3.5000000e-04
  -3.5000000e-04
  -3.5000000e-04
  -3.5000000e-04
  -3.5000000e-04
  -3.5000000e-04
  -3.5000000e-04
  -3.5000000e-04
  -3.5000000e-04
  -3.5000000e-04
  -3.5000000e-04
  -3.5000000e-04
  -3.5000000e-04
  -3.5000000e-04
  -3.5000000e-04
  -3.5000000e-04
  -3.5000000e-04
  -3.5000000e-04
  -3.5000000e-04
  -3.5000000e-04
  -3.5000000e-04
  -3.5000000e-04
  -3.5000000e-04
  -3.5000000e-04
  -3.5000000e-04
  -3.5000000e-04
  -3.5000000e-04
  -3.5000000e-04
  -3.5000000e-04
  -3.5000000e-04
  -3.5000000e-04
  -3.5000000e-04
  -3.5000000e-04
  -3.5000000e-04
  -3.5000000e-04
  -3.5000000e-04
  -3.5000000e-04
  -3.5000000e-04
  -3.5000000e-04
  -3.5000000e-04
  -3.5000000e-04
  -3.5000000e-04
  -3.5000000e-04
  -3.5000000e-04
  -3.5000000e-04
  -3.5000000e-04
  -3.5000000e-04
  -3.5000000e-04
  -3.5000000e-04
  -3.5000000e-04
  -3.5000000e-04
  -3.5000000e-04
  -3.5000000e-04
  -3.5000000e-04
  -3.5000000e-04
  -3.5000000e-04
  -3.5000000e-04
  -3.5000000e-04
  -3.5000000e-04
  -3.5000000e-04
  -3.5000000e-04
  -3.5000000e-04
  -3.5000000e-04
  -3.5000000e-04
  -3.5000000e-04
  -3.5000000e-04
  -3.5000000e-04
  -3.5000000e-04
  -3.5000000e-04
  -3.5000000e-04
  -3.5000000e-04
  -3.3592965e-04
  -3.2185930e-04
  -3.0778894e-04
  -2.9371859e-04
  -2.7964824e-04
  -2.6557789e-04
  -2.5150754e-04
  -2.3743719e-04
  -2.2336683e-04
  -2.0929648e-04
  -1.9522613e-04
  -1.8115578e-04
  -1.6708543e-04
  -1.5301508e-04
  -1.3894472e-04
  -1.2487437e-04
  -1.1080402e-04
  -9.6733668e-05
  -8.2663317e-05
  -6.8592965e-05
  -5.4522613e-05
  -4.0452261e-05
  -2.6381910e-05
  -1.2311558e-05
   0.0000000e+00
   0.0000000e+00
   0.0000000e+00
   0.0000000e+00
   0.0000000e+00
   0.0000000e+00
   0.0000000e+00
   0.0000000e+00
   0.0000000e+00
   0.0000000e+00
   0.0000000e+00
   0.0000000e+00
   0.0000000e+00
   0.0000000e+00
   0.0000000e+00
   0.0000000e+00
   0.0000000e+00
   0.0000000e+00
   0.0000000e+00
   0.0000000e+00
   0.0000000e+00
   0.0000000e+00
   0.0000000e+00
   0.0000000e+00
   0.0000000e+00
   0.0000000e+00
   0.0000000e+00
   0.0000000e+00
   0.0000000e+00
   0.0000000e+00
   0.0000000e+00
   0.0000000e+00
   0.0000000e+00
   0.0000000e+00
   0.0000000e+00
   0.0000000e+00
   0.0000000e+00
   0.0000000e+00
   0.0000000e+00
   0.0000000e+00
   0.0000000e+00
   0.0000000e+00
   0.0000000e+00
   0.0000000e+00
   0.0000000e+00
   0.0000000e+00
   0.0000000e+00
   0.0000000e+00
   0.0000000e+00
   0.0000000e+00
   0.0000000e+00
   0.0000000e+00
   0.0000000e+00
   0.0000000e+00
   0.0000000e+00
   0.0000000e+00
   0.0000000e+00
   0.0000000e+00
   0.0000000e+00
   0.0000000e+00
   0.0000000e+00
   0.0000000e+00
   0.0000000e+00
   7.0351759e-06
   2.1105528e-05
   3.5175879e-05
   4.9246231e-05
   6.3316583e-05
   7.7386935e-05
   9.1457286e-05
   1.0552764e-04
   1.1959799e-04
   1.3366834e-04
   1.4773869e-04
   1.6180905e-04
   1.7587940e-04
   1.8994975e-04
   2.0402010e-04
   2.1809045e-04
   2.3216080e-04
   2.4623116e-04
   2.6030151e-04
   2.7437186e-04
   2.8844221e-04
   3.0251256e-04
   3.1658291e-04
   3.3065327e-04
   3.4472362e-04
   3.5000000e-04
   3.5000000e-04
   3.5000000e-04
   3.5000000e-04
   3.5000000e-04
   3.5000000e-04
   3.5000000e-04
   3.5000000e-04
   3.5000000e-04
   3.5000000e-04
   3.5000000e-04
   3.5000000e-04
   3.5000000e-04
   3.5000000e-04
   3.5000000e-04
   3.5000000e-04
   3.5000000e-04
   3.5000000e-04
   3.5000000e-04
   3.5000000e-04
   3.5000000e-04
   3.5000000e-04
   3.5000000e-04
   3.5000000e-04
   3.5000000e-04
   3.5000000e-04
   3.5000000e-04
   3.5000000e-04
   3.5000000e-04
   3.5000000e-04
   3.5000000e-04
   3.5000000e-04
   3.5000000e-04
   3.5000000e-04
   3.5000000e-04
   3.5000000e-04
   3.5000000e-04
   3.5000000e-04
   3.5000000e-04
   3.5000000e-04
   3.5000000e-04
   3.5000000e-04
   3.5000000e-04
   3.5000000e-04
   3.5000000e-04
   3.5000000e-04
   3.5000000e-04
   3.5000000e-04
   3.5000000e-04
   3.5000000e-04
   3.5000000e-04
   3.5000000e-04
   3.5000000e-04
   3.5000000e-04
   3.5000000e-04
   3.5000000e-04
   3.5000000e-04
   3.5000000e-04
   3.5000000e-04
   3.5000000e-04
   3.5000000e-04
   3.5000000e-04
   3.5000000e-04
   3.5000000e-04
   3.5000000e-04
   3.5000000e-04
   3.5000000e-04
   3.5000000e-04
   3.5000000e-04
   3.5000000e-04
   3.5000000e-04
   3.5000000e-04
   3.5000000e-04
   3.5000000e-04
   3.5000000e-04
   3.4296482e-04
   3.2889447e-04
   3.1482412e-04
   3.0075377e-04
   2.8668342e-04
   2.7261307e-04
   2.5854271e-04
   2.4447236e-04
   2.3040201e-04
   2.1633166e-04
   2.0226131e-04
   1.8819095e-04
   1.7412060e-04
   1.6005025e-04
   1.4597990e-04
   1.3190955e-04
   1.1783920e-04
   1.0376884e-04
   8.9698492e-05
   7.5628141e-05
   6.1557789e-05
   4.7487437e-05
   3.3417085e-05
   1.9346734e-05
   5.2763819e-06
  -7.0351759e-06
  -2.1105528e-05
  -3.5175879e-05
  -4.9246231e-05
  -6.3316583e-05
  -7.7386935e-05
  -9.1457286e-05
  -1.0552764e-04
  -1.1959799e-04
  -1.3366834e-04
  -1.4773869e-04
  -1.6180905e-04
  -1.7587940e-04
  -1.8994975e-04
  -2.0402010e-04
  -2.1809045e-04
  -2.3216080e-04
  -2.4623116e-04
  -2.6030151e-04
  -2.7437186e-04
  -2.8844221e-04
  -3.0251256e-04
  -3.1658291e-04
  -3.3065327e-04
  -3.4472362e-04
  -3.5000000e-04
  -3.5000000e-04
  -3.5000000e-04
  -3.5000000e-04
  -3.5000000e-04
  -3.5000000e-04
  -3.5000000e-04
  -3.5000000e-04
  -3.5000000e-04
  -3.5000000e-04
  -3.5000000e-04
  -3.5000000e-04
  -3.5000000e-04
  -3.5000000e-04
  -3.5000000e-04
  -3.5000000e-04
  -3.5000000e-04
  -3.5000000e-04
  -3.5000000e-04
  -3.5000000e-04
  -3.5000000e-04
  -3.5000000e-04
  -3.5000000e-04
  -3.5000000e-04
  -3.5000000e-04
  -3.5000000e-04
  -3.5000000e-04
  -3.5000000e-04
  -3.5000000e-04
  -3.5000000e-04
  -3.5000000e-04
  -3.5000000e-04
  -3.5000000e-04
  -3.5000000e-04
  -3.5000000e-04
  -3.5000000e-04
  -3.5000000e-04
  -3.5000000e-04
  -3.5000000e-04
  -3.5000000e-04
  -3.5000000e-04
  -3.5000000e-04
  -3.5000000e-04
  -3.5000000e-04
  -3.5000000e-04
  -3.5000000e-04
  -3.5000000e-04
  -3.5000000e-04
  -3.5000000e-04
  -3.5000000e-04
  -3.5000000e-04
  -3.5000000e-04
  -3.5000000e-04
  -3.5000000e-04
  -3.5000000e-04
  -3.5000000e-04
  -3.5000000e-04
  -3.5000000e-04
  -3.5000000e-04
  -3.5000000e-04
  -3.5000000e-04
  -3.5000000e-04
  -3.5000000e-04
  -3.5000000e-04
  -3.5000000e-04
  -3.5000000e-04
  -3.5000000e-04
  -3.5000000e-04
  -3.5000000e-04
  -3.5000000e-04
  -3.5000000e-04
  -3.5000000e-04
  -3.5000000e-04
  -3.5000000e-04
  -3.5000000e-04
  -3.4296482e-04
  -3.2889447e-04
  -3.1482412e-04
  -3.0075377e-04
  -2.8668342e-04
  -2.7261307e-04
  -2.5854271e-04
  -2.4447236e-04
  -2.3040201e-04
  -2.1633166e-04
  -2.0226131e-04
  -1.8819095e-04
  -1.7412060e-04
  -1.6005025e-04
  -1.4597990e-04
  -1.3190955e-04
  -1.1783920e-04
  -1.0376884e-04
  -8.9698492e-05
  -7.5628141e-05
  -6.1557789e-05
  -4.7487437e-05
  -3.3417085e-05
  -1.9346734e-05
  -5.2763819e-06
   0.0000000e+00
   0.0000000e+00
   0.0000000e+00
   0.0000000e+00
   0.0000000e+00
   0.0000000e+00
   0.0000000e+00
   0.0000000e+00
   0.0000000e+00
   0.0000000e+00
   0.0000000e+00
   0.0000000e+00
   0.0000000e+00
   0.0000000e+00
   0.0000000e+00
   0.0000000e+00
   0.0000000e+00
   0.0000000e+00
   0.0000000e+00
   0.0000000e+00
   0.0000000e+00
   0.0000000e+00
   0.0000000e+00
   0.0000000e+00
   0.0000000e+00
   0.0000000e+00
   0.0000000e+00
   0.0000000e+00
   0.0000000e+00
   0.0000000e+00
   0.0000000e+00
   0.0000000e+00
   0.0000000e+00
   0.0000000e+00
   0.0000000e+00
   0.0000000e+00
   0.0000000e+00
   0.0000000e+00
   0.0000000e+00
   0.0000000e+00
   0.0000000e+00
   0.0000000e+00
   0.0000000e+00
   0.0000000e+00
   0.0000000e+00
   0.0000000e+00
   0.0000000e+00
   0.0000000e+00
   0.0000000e+00
   0.0000000e+00
   0.0000000e+00
   0.0000000e+00
   0.0000000e+00
   0.0000000e+00
   0.0000000e+00
   0.0000000e+00
   0.0000000e+00
   0.0000000e+00
   0.0000000e+00
   0.0000000e+00
   0.0000000e+00
   0.0000000e+00
   0.0000000e+00
   1.4070352e-05
   2.8140704e-05
   4.2211055e-05
   5.6281407e-05
   7.0351759e-05
   8.4422111e-05
   9.8492462e-05
   1.1256281e-04
   1.2663317e-04
   1.4070352e-04
   1.5477387e-04
   1.6884422e-04
   1.8291457e-04
   1.9698492e-04
   2.1105528e-04
   2.2512563e-04
   2.3919598e-04
   2.5326633e-04
   2.6733668e-04
   2.8140704e-04
   2.9547739e-04
   3.0954774e-04
   3.2361809e-04
   3.3768844e-04
   3.5000000e-04
   3.5000000e-04
   3.5000000e-04
   3.5000000e-04
   3.5000000e-04
   3.5000000e-04
   3.5000000e-04
   3.5000000e-04
   3.5000000e-04
   3.5000000e-04
   3.5000000e-04
   3.5000000e-04
   3.5000000e-04
   3.5000000e-04
   3.5000000e-04
   3.5000000e-04
   3.5000000e-04
   3.5000000e-04
   3.5000000e-04
   3.5000000e-04
   3.5000000e-04
   3.5000000e-04
   3.5000000e-04
   3.5000000e-04
   3.5000000e-04
   3.5000000e-04
   3.5000000e-04
   3.5000000e-04
   3.5000000e-04
   3.5000000e-04
   3.5000000e-04
   3.5000000e-04
   3.5000000e-04
   3.5000000e-04
   3.5000000e-04
   3.5000000e-04
   3.5000000e-04
   3.5000000e-04
   3.5000000e-04
   3.5000000e-04
   3.5000000e-04
   3.5000000e-04
   3.5000000e-04
   3.5000000e-04
   3.5000000e-04
   3.5000000e-04
   3.5000000e-04
   3.5000000e-04
   3.5000000e-04
   3.5000000e-04
   3.5000000e-04
   3.5000000e-04
   3.5000000e-04
   3.5000000e-04
   3.5000000e-04
   3.5000000e-04
   3.5000000e-04
   3.5000000e-04
   3.5000000e-04
   3.5000000e-04
   3.5000000e-04
   3.5000000e-04
   3.5000000e-04
   3.5000000e-04
   3.5000000e-04
   3.5000000e-04
   3.5000000e-04
   3.5000000e-04
   3.5000000e-04
   3.5000000e-04
   3.5000000e-04
   3.5000000e-04
   3.5000000e-04
   3.5000000e-04
   3.5000000e-04
   3.5000000e-04
   3.3592965e-04
   3.2185930e-04
   3.0778894e-04
   2.9371859e-04
   2.7964824e-04
   2.6557789e-04
   2.5150754e-04
   2.3743719e-04
   2.2336683e-04
   2.0929648e-04
   1.9522613e-04
   1.8115578e-04
   1.6708543e-04
   1.5301508e-04
   1.3894472e-04
   1.2487437e-04
   1.1080402e-04
   9.6733668e-05
   8.2663317e-05
   6.8592965e-05
   5.4522613e-05
   4.0452261e-05
   2.6381910e-05
   1.2311558e-05
  -0.0000000e+00
  -1.4070352e-05
  -2.8140704e-05
  -4.2211055e-05
  -5.6281407e-05
  -7.0351759e-05
  -8.4422111e-05
  -9.8492462e-05
  -1.1256281e-04
  -1.2663317e-04
  -1.4070352e-04
  -1.5477387e-04
  -1.6884422e-04
  -1.8291457e-04
  -1.9698492e-04
  -2.1105528e-04
  -2.2512563e-04
  -2.3919598e-04
  -2.5326633e-04
  -2.6733668e-04
  -2.8140704e-04
  -2.9547739e-04
  -3.0954774e-04
  -3.2361809e-04
  -3.3768844e-04
  -3.5000000e-04
  -3.5000000e-04
  -3.5000000e-04
  -3.5000000e-04
  -3.5000000e-04
  -3.5000000e-04
  -3.5000000e-04
  -3.5000000e-04
  -3.5000000e-04
  -3.5000000e-04
  -3.5000000e-04
  -3.5000000e-04
  -3.5000000e-04
  -3.5000000e-04
  -3.5000000e-04
  -3.5000000e-04
  -3.5000000e-04
  -3.5000000e-04
  -3.5000000e-04
  -3.5000000e-04
  -3.5000000e-04
  -3.5000000e-04
  -3.5000000e-04
  -3.5000000e-04
  -3.5000000e-04
  -3.5000000e-04
  -3.5000000e-04
  -3.5000000e-04
  -3.5000000e-04
  -3.5000000e-04
  -3.5000000e-04
  -3.5000000e-04
  -3.5000000e-04
  -3.5000000e-04
  -3.5000000e-04
  -3.5000000e-04
  -3.5000000e-04
  -3.5000000e-04
  -3.5000000e-04
  -3.5000000e-04
  -3.5000000e-04
  -3.5000000e-04
  -3.5000000e-04
  -3.5000000e-04
  -3.5000000e-04
  -3.5000000e-04
  -3.5000000e-04
  -3.5000000e-04
  -3.5000000e-04
  -3.5000000e-04
  -3.5000000e-04
  -3.5000000e-04
  -3.5000000e-04
  -3.5000000e-04
  -3.5000000e-04
  -3.5000000e-04
  -3.5000000e-04
  -3.5000000e-04
  -3.5000000e-04
  -3.5000000e-04
  -3.5000000e-04
  -3.5000000e-04
  -3.5000000e-04
  -3.5000000e-04
  -3.5000000e-04
  -3.5000000e-04
  -3.5000000e-04
  -3.5000000e-04
  -3.5000000e-04
  -3.5000000e-04
  -3.5000000e-04
  -3.5000000e-04
  -3.5000000e-04
  -3.5000000e-04
  -3.5000000e-04
  -3.5000000e-04
  -3.3592965e-04
  -3.2185930e-04
  -3.0778894e-04
  -2.9371859e-04
  -2.7964824e-04
  -2.6557789e-04
  -2.5150754e-04
  -2.3743719e-04
  -2.2336683e-04
  -2.0929648e-04
  -1.9522613e-04
  -1.8115578e-04
  -1.6708543e-04
  -1.5301508e-04
  -1.3894472e-04
  -1.2487437e-04
  -1.1080402e-04
  -9.6733668e-05
  -8.2663317e-05
  -6.8592965e-05
  -5.4522613e-05
  -4.0452261e-05
  -2.6381910e-05
  -1.2311558e-05
   0.0000000e+00
   0.0000000e+00
   0.0000000e+00
   0.0000000e+00
   0.0000000e+00
   0.0000000e+00
   0.0000000e+00
   0.0000000e+00
   0.0000000e+00
   0.0000000e+00
   0.0000000e+00
   0.0000000e+00
   0.0000000e+00
   0.0000000e+00
   0.0000000e+00
   0.0000000e+00
   0.0000000e+00
   0.0000000e+00
   0.0000000e+00
   0.0000000e+00
   0.0000000e+00
   0.0000000e+00
   0.0000000e+00
   0.0000000e+00
   0.0000000e+00
   0.0000000e+00
   0.0000000e+00
   0.0000000e+00
   0.0000000e+00
   0.0000000e+00
   0.0000000e+00
   0.0000000e+00
   0.0000000e+00
   0.0000000e+00
   0.0000000e+00
   0.0000000e+00
   0.0000000e+00
   0.0000000e+00
   0.0000000e+00
   0.0000000e+00
   0.0000000e+00
   0.0000000e+00
   0.0000000e+00
   0.0000000e+00
   0.0000000e+00
   0.0000000e+00
   0.0000000e+00
   0.0000000e+00
   0.0000000e+00
   0.0000000e+00
   0.0000000e+00
   0.0000000e+00
   0.0000000e+00
   0.0000000e+00
   0.0000000e+00
   0.0000000e+00
   0.0000000e+00
   0.0000000e+00
   0.0000000e+00
   0.0000000e+00
   0.0000000e+00
   0.0000000e+00
   0.0000000e+00
   7.0351759e-06
   2.1105528e-05
   3.5175879e-05
   4.9246231e-05
   6.3316583e-05
   7.7386935e-05
   9.1457286e-05
   1.0552764e-04
   1.1959799e-04
   1.3366834e-04
   1.4773869e-04
   1.6180905e-04
   1.7587940e-04
   1.8994975e-04
   2.0402010e-04
   2.1809045e-04
   2.3216080e-04
   2.4623116e-04
   2.6030151e-04
   2.7437186e-04
   2.8844221e-04
   3.0251256e-04
   3.1658291e-04
   3.3065327e-04
   3.4472362e-04
   3.5000000e-04
   3.5000000e-04
   3.5000000e-04
   3.5000000e-04
   3.5000000e-04
   3.5000000e-04
   3.5000000e-04
   3.5000000e-04
   3.5000000e-04
   3.5000000e-04
   3.5000000e-04
   3.5000000e-04
   3.5000000e-04
   3.5000000e-04
   3.5000000e-04
   3.5000000e-04
   3.5000000e-04
   3.5000000e-04
   3.5000000e-04
   3.5000000e-04
   3.5000000e-04
   3.5000000e-04
   3.5000000e-04
   3.5000000e-04
   3.5000000e-04
   3.5000000e-04
   3.5000000e-04
   3.5000000e-04
   3.5000000e-04
   3.5000000e-04
   3.5000000e-04
   3.5000000e-04
   3.5000000e-04
   3.5000000e-04
   3.5000000e-04
   3.5000000e-04
   3.5000000e-04
   3.5000000e-04
   3.5000000e-04
   3.5000000e-04
   3.5000000e-04
   3.5000000e-04
   3.5000000e-04
   3.5000000e-04
   3.5000000e-04
   3.5000000e-04
   3.5000000e-04
   3.5000000e-04
   3.5000000e-04
   3.5000000e-04
   3.5000000e-04
   3.5000000e-04
   3.5000000e-04
   3.5000000e-04
   3.5000000e-04
   3.5000000e-04
   3.5000000e-04
   3.5000000e-04
   3.5000000e-04
   3.5000000e-04
   3.5000000e-04
   3.5000000e-04
   3.5000000e-04
   3.5000000e-04
   3.5000000e-04
   3.5000000e-04
   3.5000000e-04
   3.5000000e-04
   3.5000000e-04
   3.5000000e-04
   3.5000000e-04
   3.5000000e-04
   3.5000000e-04
   3.5000000e-04
   3.5000000e-04
   3.4296482e-04
   3.2889447e-04
   3.1482412e-04
   3.0075377e-04
   2.8668342e-04
   2.7261307e-04
   2.5854271e-04
   2.4447236e-04
   2.3040201e-04
   2.1633166e-04
   2.0226131e-04
   1.8819095e-04
   1.7412060e-04
   1.6005025e-04
   1.4597990e-04
   1.3190955e-04
   1.1783920e-04
   1.0376884e-04
   8.9698492e-05
   7.5628141e-05
   6.1557789e-05
   4.7487437e-05
   3.3417085e-05
   1.9346734e-05
   5.2763819e-06
  -7.0351759e-06
  -2.1105528e-05
  -3.5175879e-05
  -4.9246231e-05
  -6.3316583e-05
  -7.7386935e-05
  -9.1457286e-05
  -1.0552764e-04
  -1.1959799e-04
  -1.3366834e-04
  -1.4773869e-04
  -1.6180905e-04
  -1.7587940e-04
  -1.8994975e-04
  -2.0402010e-04
  -2.1809045e-04
  -2.3216080e-04
  -2.4623116e-04
  -2.6030151e-04
  -2.7437186e-04
  -2.8844221e-04
  -3.0251256e-04
  -3.1658291e-04
  -3.3065327e-04
  -3.4472362e-04
  -3.5000000e-04
  -3.5000000e-04
  -3.5000000e-04
  -3.5000000e-04
  -3.5000000e-04
  -3.5000000e-04
  -3.5000000e-04
  -3.5000000e-04
  -3.5000000e-04
  -3.5000000e-04
  -3.5000000e-04
  -3.5000000e-04
  -3.5000000e-04
  -3.5000000e-04
  -3.5000000e-04
  -3.5000000e-04
  -3.5000000e-04
  -3.5000000e-04
  -3.5000000e-04
  -3.5000000e-04
  -3.5000000e-04
  -3.5000000e-04
  -3.5000000e-04
  -3.5000000e-04
  -3.5000000e-04
  -3.5000000e-04
  -3.5000000e-04
  -3.5000000e-04
  -3.5000000e-04
  -3.5000000e-04
  -3.5000000e-04
  -3.5000000e-04
  -3.5000000e-04
  -3.5000000e-04
  -3.5000000e-04
  -3.5000000e-04
  -3.5000000e-04
  -3.5000000e-04
  -3.5000000e-04
  -3.5000000e-04
  -3.5000000e-04
  -3.5000000e-04
  -3.5000000e-04
  -3.5000000e-04
  -3.5000000e-04
  -3.5000000e-04
  -3.5000000e-04
  -3.5000000e-04
  -3.5000000e-04
  -3.5000000e-04
  -3.5000000e-04
  -3.5000000e-04
  -3.5000000e-04
  -3.5000000e-04
  -3.5000000e-04
  -3.5000000e-04
  -3.5000000e-04
  -3.5000000e-04
  -3.5000000e-04
  -3.5000000e-04
  -3.5000000e-04
  -3.5000000e-04
  -3.5000000e-04
  -3.5000000e-04
  -3.5000000e-04
  -3.5000000e-04
  -3.5000000e-04
  -3.5000000e-04
  -3.5000000e-04
  -3.5000000e-04
  -3.5000000e-04
  -3.5000000e-04
  -3.5000000e-04
  -3.5000000e-04
  -3.5000000e-04
  -3.4296482e-04
  -3.2889447e-04
  -3.1482412e-04
  -3.0075377e-04
  -2.8668342e-04
  -2.7261307e-04
  -2.5854271e-04
  -2.4447236e-04
  -2.3040201e-04
  -2.1633166e-04
  -2.0226131e-04
  -1.8819095e-04
  -1.7412060e-04
  -1.6005025e-04
  -1.4597990e-04
  -1.3190955e-04
  -1.1783920e-04
  -1.0376884e-04
  -8.9698492e-05
  -7.5628141e-05
  -6.1557789e-05
  -4.7487437e-05
  -3.3417085e-05
  -1.9346734e-05
  -5.2763819e-06
   0.0000000e+00
   0.0000000e+00
   0.0000000e+00
   0.0000000e+00
   0.0000000e+00
   0.0000000e+00
   0.0000000e+00
   0.0000000e+00
   0.0000000e+00
   0.0000000e+00
   0.0000000e+00
   0.0000000e+00
   0.0000000e+00
   0.0000000e+00
   0.0000000e+00
   0.0000000e+00
   0.0000000e+00
   0.0000000e+00
   0.0000000e+00
   0.0000000e+00
   0.0000000e+00
   0.0000000e+00
   0.0000000e+00
   0.0000000e+00
   0.0000000e+00
   0.0000000e+00
   0.0000000e+00
   0.0000000e+00
   0.0000000e+00
   0.0000000e+00
   0.0000000e+00
   0.0000000e+00
   0.0000000e+00
   0.0000000e+00
   0.0000000e+00
   0.0000000e+00
   0.0000000e+00
   0.0000000e+00
   0.0000000e+00
   0.0000000e+00
   0.0000000e+00
   0.0000000e+00
   0.0000000e+00
   0.0000000e+00
   0.0000000e+00
   0.0000000e+00
   0.0000000e+00
   0.0000000e+00
   0.0000000e+00
   0.0000000e+00
   0.0000000e+00
   0.0000000e+00
   0.0000000e+00
   0.0000000e+00
   0.0000000e+00
   0.0000000e+00
   0.0000000e+00
   0.0000000e+00
   0.0000000e+00
   0.0000000e+00
   0.0000000e+00
   0.0000000e+00
   0.0000000e+00
   1.4070352e-05
   2.8140704e-05
   4.2211055e-05
   5.6281407e-05
   7.0351759e-05
   8.4422111e-05
   9.8492462e-05
   1.1256281e-04
   1.2663317e-04
   1.4070352e-04
   1.5477387e-04
   1.6884422e-04
   1.8291457e-04
   1.9698492e-04
   2.1105528e-04
   2.2512563e-04
   2.3919598e-04
   2.5326633e-04
   2.6733668e-04
   2.8140704e-04
   2.9547739e-04
   3.0954774e-04
   3.2361809e-04
   3.3768844e-04
   3.5000000e-04
   3.5000000e-04
   3.5000000e-04
   3.5000000e-04
   3.5000000e-04
   3.5000000e-04
   3.5000000e-04
   3.5000000e-04
   3.5000000e-04
   3.5000000e-04
   3.5000000e-04
   3.5000000e-04
   3.5000000e-04
   3.5000000e-04
   3.5000000e-04
   3.5000000e-04
   3.5000000e-04
   3.5000000e-04
   3.5000000e-04
   3.5000000e-04
   3.5000000e-04
   3.5000000e-04
   3.5000000e-04
   3.5000000e-04
   3.5000000e-04
   3.5000000e-04
   3.5000000e-04
   3.5000000e-04
   3.5000000e-04
   3.5000000e-04
   3.5000000e-04
   3.5000000e-04
   3.5000000e-04
   3.5000000e-04
   3.5000000e-04
   3.5000000e-04
   3.5000000e-04
   3.5000000e-04
   3.5000000e-04
   3.5000000e-04
   3.5000000e-04
   3.5000000e-04
   3.5000000e-04
   3.5000000e-04
   3.5000000e-04
   3.5000000e-04
   3.5000000e-04
   3.5000000e-04
   3.5000000e-04
   3.5000000e-04
   3.5000000e-04
   3.5000000e-04
   3.5000000e-04
   3.5000000e-04
   3.5000000e-04
   3.5000000e-04
   3.5000000e-04
   3.5000000e-04
   3.5000000e-04
   3.5000000e-04
   3.5000000e-04
   3.5000000e-04
   3.5000000e-04
   3.5000000e-04
   3.5000000e-04
   3.5000000e-04
   3.5000000e-04
   3.5000000e-04
   3.5000000e-04
   3.5000000e-04
   3.5000000e-04
   3.5000000e-04
   3.5000000e-04
   3.5000000e-04
   3.5000000e-04
   3.5000000e-04
   3.3592965e-04
   3.2185930e-04
   3.0778894e-04
   2.9371859e-04
   2.7964824e-04
   2.6557789e-04
   2.5150754e-04
   2.3743719e-04
   2.2336683e-04
   2.0929648e-04
   1.9522613e-04
   1.8115578e-04
   1.6708543e-04
   1.5301508e-04
   1.3894472e-04
   1.2487437e-04
   1.1080402e-04
   9.6733668e-05
   8.2663317e-05
   6.8592965e-05
   5.4522613e-05
   4.0452261e-05
   2.6381910e-05
   1.2311558e-05
  -0.0000000e+00
  -1.4070352e-05
  -2.8140704e-05
  -4.2211055e-05
  -5.6281407e-05
  -7.0351759e-05
  -8.4422111e-05
  -9.8492462e-05
  -1.1256281e-04
  -1.2663317e-04
  -1.4070352e-04
  -1.5477387e-04
  -1.6884422e-04
  -1.8291457e-04
  -1.9698492e-04
  -2.1105528e-04
  -2.2512563e-04
  -2.3919598e-04
  -2.5326633e-04
  -2.6733668e-04
  -2.8140704e-04
  -2.9547739e-04
  -3.0954774e-04
  -3.2361809e-04
  -3.3768844e-04
  -3.5000000e-04
  -3.5000000e-04
  -3.5000000e-04
  -3.5000000e-04
  -3.5000000e-04
  -3.5000000e-04
  -3.5000000e-04
  -3.5000000e-04
  -3.5000000e-04
  -3.5000000e-04
  -3.5000000e-04
  -3.5000000e-04
  -3.5000000e-04
  -3.5000000e-04
  -3.5000000e-04
  -3.5000000e-04
  -3.5000000e-04
  -3.5000000e-04
  -3.5000000e-04
  -3.5000000e-04
  -3.5000000e-04
  -3.5000000e-04
  -3.5000000e-04
  -3.5000000e-04
  -3.5000000e-04
  -3.5000000e-04
  -3.5000000e-04
  -3.5000000e-04
  -3.5000000e-04
  -3.5000000e-04
  -3.5000000e-04
  -3.5000000e-04
  -3.5000000e-04
  -3.5000000e-04
  -3.5000000e-04
  -3.5000000e-04
  -3.5000000e-04
  -3.5000000e-04
  -3.5000000e-04
  -3.5000000e-04
  -3.5000000e-04
  -3.5000000e-04
  -3.5000000e-04
  -3.5000000e-04
  -3.5000000e-04
  -3.5000000e-04
  -3.5000000e-04
  -3.5000000e-04
  -3.5000000e-04
  -3.5000000e-04
  -3.5000000e-04
  -3.5000000e-04
  -3.5000000e-04
  -3.5000000e-04
  -3.5000000e-04
  -3.5000000e-04
  -3.5000000e-04
  -3.5000000e-04
  -3.5000000e-04
  -3.5000000e-04
  -3.5000000e-04
  -3.5000000e-04
  -3.5000000e-04
  -3.5000000e-04
  -3.5000000e-04
  -3.5000000e-04
  -3.5000000e-04
  -3.5000000e-04
  -3.5000000e-04
  -3.5000000e-04
  -3.5000000e-04
  -3.5000000e-04
  -3.5000000e-04
  -3.5000000e-04
  -3.5000000e-04
  -3.5000000e-04
  -3.3592965e-04
  -3.2185930e-04
  -3.0778894e-04
  -2.9371859e-04
  -2.7964824e-04
  -2.6557789e-04
  -2.5150754e-04
  -2.3743719e-04
  -2.2336683e-04
  -2.0929648e-04
  -1.9522613e-04
  -1.8115578e-04
  -1.6708543e-04
  -1.5301508e-04
  -1.3894472e-04
  -1.2487437e-04
  -1.1080402e-04
  -9.6733668e-05
  -8.2663317e-05
  -6.8592965e-05
  -5.4522613e-05
  -4.0452261e-05
  -2.6381910e-05
  -1.2311558e-05
